rank,team,tooltip_team,obpr,dbpr,bpr,opponent_adjust,pace_adjust,off_rank,def_rank,tempo,tempo_rank,home_rank,wins,losses,color_O,color_D,color_Diff,color_str_Diff,color_tempo_Diff,tooltip_str_Diff,tooltip_tempo_Diff
1,Gonzaga,Gonzaga,18.9674729165228,7.93085240830199,26.8983253248248,24.7265617744735,-3.2496415763385,1,23,74.281524296,14,253,31,1,#FF9D23,#FFC882,#FF9D23,#FFA59E,#E7E3BC,Gonzaga plays a little better against good teams than bad teams. They are slightly better than expected against tough opposition but are slightly worse against weaker opponents.,Gonzaga performs at a similar level regardless of the pace of the game.
2,Baylor,Baylor,16.751792217484,8.82240376066098,25.574195978145,63.1297733648962,-28.1775534809163,2,19,69.4818190784817,198,105,28,2,#FFA93D,#FFC174,#FFA22E,#B5234E,#ADC5C1,Baylor plays much better against good teams than bad teams. They compete at a higher level against tough opposition but struggle against weaker opponents.,Baylor plays a little better in slower paced games. They have slightly stronger performances in games with less possessions but are a little worse in games with more possessions.
3,Michigan,Michigan,13.905972874954,10.9108558494493,24.8168287244033,59.8125525995148,-22.6911805082057,5,5,67.7012920635067,282,97,23,5,#FFB75E,#FFB354,#FFA534,#BF2D53,#BACCC0,Michigan plays much better against good teams than bad teams. They compete at a higher level against tough opposition but struggle against weaker opponents.,Michigan plays a little better in slower paced games. They have slightly stronger performances in games with less possessions but are a little worse in games with more possessions.
4,Houston,Houston,13.7390179637527,10.855518388193,24.5945363519456,-30.6769949296688,28.4487755208047,6,6,66.4240911051333,324,1,27,4,#FFB85F,#FFB354,#FFA636,#81B0CA,#F3CEA5,Houston plays a little worse against good teams than bad teams. They tend to play slightly better than expected against weaker opposition but are slightly worse against tougher opponents.,Houston performs at a similar level regardless of the pace of the game.
5,Loyola Chicago,Loyola Chicago,10.53233637033,12.3587512971456,22.8910876674756,47.7131491266018,26.8698607753252,15,2,64.9558392013333,340,292,24,5,#FFC985,#FFA93D,#FFAC44,#DF536A,#F3CFA6,Loyola Chicago plays much better against good teams than bad teams. They compete at a higher level against tough opposition but struggle against weaker opponents.,Loyola Chicago performs at a similar level regardless of the pace of the game.
6,Illinois,Illinois,11.5039778103571,9.55269999606682,21.056677806424,-37.2651390421797,77.0752769164978,10,11,71.6539866293047,86,332,24,7,#FFC479,#FFBC69,#FFB353,#709DC3,#FAA37D,Illinois plays a little worse against good teams than bad teams. They tend to play slightly better than expected against weaker opposition but are slightly worse against tougher opponents.,Illinois plays better in faster paced games. They have stronger performances in games with more possessions but are worse in games with less possessions.
7,USC,USC,9.07735508395522,11.0410642117537,20.118419295709,27.7042114585413,17.5529693988271,19,4,69.0918472417927,213,34,25,8,#FFD095,#FFB252,#FFB65A,#FB9B97,#F1D7AD,USC plays a little better against good teams than bad teams. They are slightly better than expected against tough opposition but are slightly worse against weaker opponents.,USC performs at a similar level regardless of the pace of the game.
8,Alabama,Alabama,7.94698467350746,11.6804361560501,19.6274208295576,51.1021650590483,-26.2656018058565,27,3,75.0933840613333,5,72,26,7,#FFD6A2,#FFAE48,#FFB85E,#D94862,#B2C7C1,Alabama plays much better against good teams than bad teams. They compete at a higher level against tough opposition but struggle against weaker opponents.,Alabama plays a little better in slower paced games. They have slightly stronger performances in games with less possessions but are a little worse in games with more possessions.
9,Iowa,Iowa,16.2985707513492,3.0945337111547,19.3931044625039,-56.1471772874848,-7.25661505996998,3,92,71.6191375777,87,247,22,9,#FFAB42,#FFE9CE,#FFB960,#366AAE,#DEDEBD,Iowa plays much worse against good teams than bad teams. They tend to have their best performances against weaker opponents but really struggle against stronger teams on their schedule.,Iowa performs at a similar level regardless of the pace of the game.
10,Villanova,Villanova,12.74600639992,6.36356849435634,19.1095748942764,1.59979270425525,-0.801946518509881,8,42,66.7153676136,315,7,18,7,#FFBD6B,#FFD29B,#FFBA62,#FFF9DB,#EDE6BC,Villanova performs at a similar level against both good and bad teams.,Villanova performs at a similar level regardless of the pace of the game.
11,Colorado,Colorado,10.5614559901386,7.48944900900187,18.0509049991405,9.6233102128276,59.4067638946217,14,28,67.4567234401447,294,15,23,9,#FFC884,#FFCB89,#FFBD6B,#FFDCC6,#F8B28C,Colorado performs at a similar level against both good and bad teams.,Colorado plays a little better in faster paced games. They have slightly stronger performances in games with more possessions but are a little worse in games with less possessions.
12,Memphis,Memphis,3.74242226578538,14.0172414332122,17.7596636989976,57.2798090673562,13.0860464561898,87,1,72.33762102494,60,318,20,8,#FFEBD3,#FF9D23,#FFBE6E,#C73558,#F1DBB1,Memphis plays much better against good teams than bad teams. They compete at a higher level against tough opposition but struggle against weaker opponents.,Memphis performs at a similar level regardless of the pace of the game.
13,Florida State,Florida State,9.78318259820108,7.78820271339444,17.5713853115955,25.3561215731139,-35.1409728898188,17,25,71.0032340117267,110,13,19,7,#FFCC8D,#FFC984,#FFBF6F,#FEA39D,#9DBDC3,Florida State plays a little better against good teams than bad teams. They are slightly better than expected against tough opposition but are slightly worse against weaker opponents.,Florida State plays a little better in slower paced games. They have slightly stronger performances in games with less possessions but are a little worse in games with more possessions.
14,Ohio State,Ohio State,13.4847284400012,3.79312564892751,17.2778540889287,40.1698847047251,16.823581322025,7,78,68.2841381916778,258,199,21,10,#FFBA62,#FFE4C3,#FFC071,#EA6E7B,#F1D8AE,Ohio State plays a little better against good teams than bad teams. They are slightly better than expected against tough opposition but are slightly worse against weaker opponents.,Ohio State performs at a similar level regardless of the pace of the game.
15,Oregon,Oregon,12.0602062449736,5.20988118934796,17.2700874343216,15.1817666251883,30.9606920931176,9,61,68.8923612103354,227,244,21,7,#FFC173,#FFDAAD,#FFC072,#FFC8B7,#F3CBA3,Oregon plays a little better against good teams than bad teams. They are slightly better than expected against tough opposition but are slightly worse against weaker opponents.,Oregon performs at a similar level regardless of the pace of the game.
16,UCLA,UCLA,11.4322160752643,5.82967457614602,17.2618906514103,36.2189154370459,2.87592426034849,11,48,65.9972560290667,331,43,22,10,#FFC47A,#FFD6A3,#FFC072,#EF7C84,#EFE4B9,UCLA plays a little better against good teams than bad teams. They are slightly better than expected against tough opposition but are slightly worse against weaker opponents.,UCLA performs at a similar level regardless of the pace of the game.
17,Creighton,Creighton,9.3761768995787,7.84121996464124,17.2173968642199,-10.8897700299095,18.5679600215936,18,24,70.8179642986016,117,57,22,9,#FFCF92,#FFC884,#FFC072,#CDE3D9,#F1D6AD,Creighton performs at a similar level against both good and bad teams.,Creighton performs at a similar level regardless of the pace of the game.
18,Texas Tech,Texas Tech,7.84335386471563,9.19042593703959,17.0337798017552,-66.0009363024741,21.8744574557741,28,16,67.426220248454,297,132,18,11,#FFD6A4,#FFBF6F,#FFC173,#134FA3,#F2D3AA,Texas Tech plays much worse against good teams than bad teams. They tend to have their best performances against weaker opponents but really struggle against stronger teams on their schedule.,Texas Tech performs at a similar level regardless of the pace of the game.
19,West Virginia,West Virginia,10.8278518315011,5.8673949054571,16.6952467369582,14.7371814595525,-0.422305553334914,13,46,70.9394224965424,114,273,19,10,#FFC781,#FFD6A3,#FFC276,#FFC9B9,#EEE6BC,West Virginia performs at a similar level against both good and bad teams.,West Virginia performs at a similar level regardless of the pace of the game.
20,Kansas,Kansas,6.82809826728264,9.7249246443126,16.5530229115952,-51.8774639494523,-12.5923876673567,44,10,70.0780285663814,164,47,20,9,#FFDCAF,#FFBB66,#FFC377,#4675B3,#D1D8BE,Kansas plays much worse against good teams than bad teams. They tend to have their best performances against weaker opponents but really struggle against stronger teams on their schedule.,Kansas performs at a similar level regardless of the pace of the game.
21,LSU,LSU,14.0424488039051,2.48288155096109,16.5253303548662,4.63055406677773,-47.5650155946854,4,107,71.8106478368253,82,71,19,10,#FFB75C,#FFEDD8,#FFC378,#FFEED3,#80AEC5,LSU performs at a similar level against both good and bad teams.,LSU plays better in slower paced games. They have stronger performances in games with less possessions but are worse in games with more possessions.
22,Virginia,Virginia,8.94638641013959,7.44090533733593,16.3872917474755,-18.3763167624077,-5.96273291780779,20,29,62.2602626753333,347,160,18,7,#FFD197,#FFCB8A,#FFC379,#ABD1D5,#E1DFBD,Virginia plays a little worse against good teams than bad teams. They tend to play slightly better than expected against weaker opposition but are slightly worse against tougher opponents.,Virginia performs at a similar level regardless of the pace of the game.
23,Wisconsin,Wisconsin,6.97756638244041,9.39626548372263,16.373831866163,-35.1594566008078,-17.2881218310696,43,13,66.7632534518,312,128,18,13,#FFDBAE,#FFBD6B,#FFC379,#75A3C6,#C6D2BF,Wisconsin plays a little worse against good teams than bad teams. They tend to play slightly better than expected against weaker opposition but are slightly worse against tougher opponents.,Wisconsin performs at a similar level regardless of the pace of the game.
24,North Carolina,North Carolina,7.47151361379685,8.83287208439781,16.3043856981947,18.9890086542074,78.0758945340546,35,18,72.9218909193,39,35,18,11,#FFD8A8,#FFC174,#FFC479,#FFBAAD,#FBA27D,North Carolina plays a little better against good teams than bad teams. They are slightly better than expected against tough opposition but are slightly worse against weaker opponents.,North Carolina plays better in faster paced games. They have stronger performances in games with more possessions but are worse in games with less possessions.
25,Texas,Texas,7.27332484247998,8.65996198094308,15.9332868234231,4.63951371913683,28.6627635883216,37,22,70.4887571150495,134,295,19,8,#FFD9AA,#FFC377,#FFC57C,#FFEED3,#F3CDA4,Texas performs at a similar level against both good and bad teams.,Texas performs at a similar level regardless of the pace of the game.
26,Arkansas,Arkansas,6.45435797738743,9.30667482738462,15.7610328047721,-47.4803564678541,30.4151304398069,49,15,74.2580759666667,15,68,25,7,#FFDDB4,#FFBE6D,#FFC67E,#5681B9,#F3CCA3,Arkansas plays much worse against good teams than bad teams. They tend to have their best performances against weaker opponents but really struggle against stronger teams on their schedule.,Arkansas performs at a similar level regardless of the pace of the game.
27,Tennessee,Tennessee,5.13334640973705,10.5782384158668,15.7115848256039,-45.0991254715362,17.5653076338916,65,7,68.8964359518949,226,54,18,9,#FFE4C3,#FFB559,#FFC67E,#5C87BB,#F1D7AD,Tennessee plays much worse against good teams than bad teams. They tend to have their best performances against weaker opponents but really struggle against stronger teams on their schedule.,Tennessee performs at a similar level regardless of the pace of the game.
28,Connecticut,Connecticut,8.60765541284648,6.73762913679371,15.3452845496402,-1.57215949452843,58.661949788584,22,40,67.4494618988533,295,203,15,8,#FFD29B,#FFD095,#FFC781,#F7FBDF,#F8B38C,Connecticut performs at a similar level against both good and bad teams.,Connecticut plays a little better in faster paced games. They have slightly stronger performances in games with more possessions but are a little worse in games with less possessions.
29,Duke,Duke,10.4674280057303,4.80237236091831,15.2698003666486,3.34064291430947,-99.009900990099,16,67,69.9372627809298,174,235,13,11,#FFC985,#FFDDB3,#FFC782,#FFF2D7,#70A6C7,Duke performs at a similar level against both good and bad teams.,Duke plays better in slower paced games. They have stronger performances in games with less possessions but are worse in games with more possessions.
30,Oklahoma State,Oklahoma State,5.76699743151421,9.44589028256092,15.2128877140751,62.0876819320058,-26.0042941630714,56,12,73.5282638106667,28,316,21,9,#FFE1BC,#FFBD6B,#FFC882,#B82650,#B2C8C1,Oklahoma State plays much better against good teams than bad teams. They compete at a higher level against tough opposition but struggle against weaker opponents.,Oklahoma State plays a little better in slower paced games. They have slightly stronger performances in games with less possessions but are a little worse in games with more possessions.
31,Purdue,Purdue,8.07059424466951,6.85132244902718,14.9219166936967,-15.2238431097947,53.3359519598747,26,38,67.849725511032,274,167,18,10,#FFD5A1,#FFCF93,#FFC985,#B9D9D7,#F7B891,Purdue plays a little worse against good teams than bad teams. They tend to play slightly better than expected against weaker opposition but are slightly worse against tougher opponents.,Purdue plays a little better in faster paced games. They have slightly stronger performances in games with more possessions but are a little worse in games with less possessions.
32,Florida,Florida,7.81175120702782,7.08125235016379,14.8930035571916,5.92735201617564,4.544141920894,30,36,70.077124637534,165,224,15,10,#FFD7A4,#FFCD90,#FFC985,#FFE9D0,#EFE3B8,Florida performs at a similar level against both good and bad teams.,Florida performs at a similar level regardless of the pace of the game.
33,BYU,BYU,7.64631768099057,6.75751738822789,14.4038350692185,-43.0775106525271,-28.247800802889,32,39,70.1110475226058,162,338,19,7,#FFD7A6,#FFD095,#FFCB89,#618DBD,#ADC5C1,BYU plays much worse against good teams than bad teams. They tend to have their best performances against weaker opponents but really struggle against stronger teams on their schedule.,BYU plays a little better in slower paced games. They have slightly stronger performances in games with less possessions but are a little worse in games with more possessions.
34,Syracuse,Syracuse,8.85285208053621,5.47720463162181,14.330056712158,-10.0279997743015,-46.3761417171723,21,56,70.6323126178504,128,33,18,10,#FFD198,#FFD9A9,#FFCB8A,#D1E6DA,#83AFC5,Syracuse performs at a similar level against both good and bad teams.,Syracuse plays better in slower paced games. They have stronger performances in games with less possessions but are worse in games with more possessions.
35,Saint Bonaventure,Saint Bonaventure,7.03277696216018,7.19062186249334,14.2233988246535,-13.8363808648229,-26.3475115673263,42,33,66.2340164048,326,22,16,5,#FFDBAD,#FFCD8E,#FFCB8A,#C0DCD7,#B1C7C1,Saint Bonaventure performs at a similar level against both good and bad teams.,Saint Bonaventure plays a little better in slower paced games. They have slightly stronger performances in games with less possessions but are a little worse in games with more possessions.
36,San Diego State,San Diego State,6.45457043935848,7.60303414251307,14.0576045818716,-43.6763405527465,12.9122054990937,48,26,67.3363712809533,299,237,22,5,#FFDDB4,#FFCA87,#FFCC8C,#5F8BBD,#F0DBB1,San Diego State plays much worse against good teams than bad teams. They tend to have their best performances against weaker opponents but really struggle against stronger teams on their schedule.,San Diego State performs at a similar level regardless of the pace of the game.
37,Arizona,Arizona,8.4287497086887,5.53988559260394,13.9686353012926,-13.5430136635182,7.43809285739542,24,55,69.9446312305595,173,255,17,9,#FFD39D,#FFD8A8,#FFCC8C,#C1DDD8,#F0E0B6,Arizona performs at a similar level against both good and bad teams.,Arizona performs at a similar level regardless of the pace of the game.
38,Oklahoma,Oklahoma,7.30209772527985,6.09359087315432,13.3956885984342,3.12856114502849,30.2625895441366,36,43,69.0857843442391,214,30,16,11,#FFD9AA,#FFD49F,#FFCE91,#FFF3D7,#F3CCA3,Oklahoma performs at a similar level against both good and bad teams.,Oklahoma performs at a similar level regardless of the pace of the game.
39,Georgia Tech,Georgia Tech,7.74086330809159,5.31050603358098,13.0513693416726,40.960904958384,-14.5814365940684,31,59,68.7320825784041,238,289,17,9,#FFD7A5,#FFDAAB,#FFCF94,#E96B79,#CDD5BE,Georgia Tech plays a little better against good teams than bad teams. They are slightly better than expected against tough opposition but are slightly worse against weaker opponents.,Georgia Tech performs at a similar level regardless of the pace of the game.
40,Rutgers,Rutgers,2.75451001917178,9.91048338486141,12.6649934040332,13.1517715215078,-14.3250998287964,105,8,69.587287466135,191,40,16,12,#FFF0DF,#FFBA63,#FFD197,#FFCFBD,#CDD6BE,Rutgers performs at a similar level against both good and bad teams.,Rutgers performs at a similar level regardless of the pace of the game.
41,Virginia Tech,Virginia Tech,7.06916321970991,5.42371632486512,12.492879544575,-27.5446347401925,48.5056580844497,40,57,67.5672705802627,288,39,15,7,#FFDAAD,#FFD9AA,#FFD199,#89B9CE,#F6BC94,Virginia Tech plays a little worse against good teams than bad teams. They tend to play slightly better than expected against weaker opposition but are slightly worse against tougher opponents.,Virginia Tech plays a little better in faster paced games. They have slightly stronger performances in games with more possessions but are a little worse in games with less possessions.
42,Maryland,Maryland,7.59591856809035,4.79210200471748,12.3880205728078,-39.3074220973111,-22.934709226688,33,68,66.2121803754667,327,180,17,14,#FFD8A7,#FFDDB3,#FFD299,#6B98C1,#B9CBC0,Maryland plays a little worse against good teams than bad teams. They tend to play slightly better than expected against weaker opposition but are slightly worse against tougher opponents.,Maryland plays a little better in slower paced games. They have slightly stronger performances in games with less possessions but are a little worse in games with more possessions.
43,Kentucky,Kentucky,4.81533822072195,7.37069508055704,12.186033301279,-4.40616379786555,12.1163221388986,70,30,69.843783026579,181,276,9,16,#FFE6C7,#FFCB8B,#FFD39B,#EAF4DD,#F0DCB2,Kentucky performs at a similar level against both good and bad teams.,Kentucky performs at a similar level regardless of the pace of the game.
44,Ole Miss,Ole Miss,2.59031743714596,9.37910741636175,11.9694248535077,-26.7888618880856,-18.1184783303301,108,14,67.5004606797647,291,98,16,12,#FFF1E1,#FFBE6C,#FFD39D,#8BBBCE,#C5D1BF,Ole Miss plays a little worse against good teams than bad teams. They tend to play slightly better than expected against weaker opposition but are slightly worse against tougher opponents.,Ole Miss performs at a similar level regardless of the pace of the game.
45,Davidson,Davidson,11.1860345302505,0.696551936635001,11.8825864668855,-15.8311281851579,47.3840914899619,12,152,65.0833238893333,339,300,12,8,#FFC57D,#FFFAF4,#FFD49D,#B7D7D6,#F6BD95,Davidson plays a little worse against good teams than bad teams. They tend to play slightly better than expected against weaker opposition but are slightly worse against tougher opponents.,Davidson plays a little better in faster paced games. They have slightly stronger performances in games with more possessions but are a little worse in games with less possessions.
46,Clemson,Clemson,2.7145861896453,9.03607368995125,11.7506598795965,-17.197924417271,49.2399248936975,106,17,66.4908239097333,320,12,16,8,#FFF1DF,#FFC071,#FFD49F,#B0D4D5,#F6BB94,Clemson plays a little worse against good teams than bad teams. They tend to play slightly better than expected against weaker opposition but are slightly worse against tougher opponents.,Clemson plays a little better in faster paced games. They have slightly stronger performances in games with more possessions but are a little worse in games with less possessions.
47,Utah,Utah,8.46195164232445,3.16864986290058,11.630601505225,6.42280107747182,17.0203666360232,23,90,69.0798163100975,215,29,12,13,#FFD39D,#FFE9CD,#FFD5A0,#FFE7CF,#F1D8AE,Utah performs at a similar level against both good and bad teams.,Utah performs at a similar level regardless of the pace of the game.
48,Seton Hall,Seton Hall,4.23996515490901,7.15249540381331,11.3924605587223,-8.7177297337994,6.16652495360045,79,34,69.0220021070151,221,163,15,13,#FFE9CD,#FFCD8E,#FFD5A1,#D7E9DA,#EFE1B7,Seton Hall performs at a similar level against both good and bad teams.,Seton Hall performs at a similar level regardless of the pace of the game.
49,Indiana,Indiana,4.42976431442915,6.85720343584411,11.2869677502733,-13.7098937598307,58.0787255801335,75,37,68.1937479127667,262,243,12,15,#FFE8CB,#FFCF93,#FFD6A2,#C0DCD7,#F7B48D,Indiana performs at a similar level against both good and bad teams.,Indiana plays a little better in faster paced games. They have slightly stronger performances in games with more possessions but are a little worse in games with less possessions.
50,Penn State,Penn State,6.57824863722653,4.58737376502914,11.1656224022557,10.136400325017,-14.5155810270356,46,71,70.6475992572619,126,304,11,14,#FFDDB2,#FFDFB7,#FFD6A3,#FFDAC5,#CDD5BE,Penn State performs at a similar level against both good and bad teams.,Penn State performs at a similar level regardless of the pace of the game.
51,Utah State,Utah State,1.24760555992056,9.86946720917428,11.1170727690948,-77.0731443909097,-6.65803553602165,121,9,70.1567507622997,156,56,19,9,#FFF8F0,#FFBA64,#FFD6A4,#00429D,#DFDFBD,Utah State plays much worse against good teams than bad teams. They tend to have their best performances against weaker opponents but really struggle against stronger teams on their schedule.,Utah State performs at a similar level regardless of the pace of the game.
52,Missouri,Missouri,5.80060811911839,5.20856288700295,11.0091710061213,27.9167463799651,48.3408411630618,55,62,70.0366984911968,169,286,16,10,#FFE1BB,#FFDAAD,#FFD7A5,#FA9A97,#F6BC95,Missouri plays a little better against good teams than bad teams. They are slightly better than expected against tough opposition but are slightly worse against weaker opponents.,Missouri plays a little better in faster paced games. They have slightly stronger performances in games with more possessions but are a little worse in games with less possessions.
53,SMU,SMU,7.15411921154278,3.77760180236899,10.9317210139118,-30.0985354629516,-11.2324729223895,38,79,70.5166687506296,133,187,11,6,#FFDAAC,#FFE4C3,#FFD7A5,#82B2CB,#D4D9BE,SMU plays a little worse against good teams than bad teams. They tend to play slightly better than expected against weaker opposition but are slightly worse against tougher opponents.,SMU performs at a similar level regardless of the pace of the game.
54,Louisville,Louisville,4.32070951427639,6.39089202590552,10.7116015401819,-55.3394701824321,-7.62078199626777,78,41,68.1612088492507,264,11,13,7,#FFE8CC,#FFD29A,#FFD8A7,#396CAF,#DDDDBD,Louisville plays much worse against good teams than bad teams. They tend to have their best performances against weaker opponents but really struggle against stronger teams on their schedule.,Louisville performs at a similar level regardless of the pace of the game.
55,Michigan State,Michigan State,4.71383233913246,5.84210154872068,10.5559338878531,31.9642756628342,22.729109394613,72,47,70.1224662852166,160,10,15,13,#FFE6C8,#FFD6A3,#FFD8A8,#F58C8D,#F2D3A9,Michigan State plays a little better against good teams than bad teams. They are slightly better than expected against tough opposition but are slightly worse against weaker opponents.,Michigan State performs at a similar level regardless of the pace of the game.
56,Saint Louis,Saint Louis,4.96578904405176,5.55793539605819,10.52372444011,-51.9550507440161,-22.4238878603582,68,53,69.913096133518,176,3,14,7,#FFE5C5,#FFD8A7,#FFD9A9,#4575B3,#BBCCC0,Saint Louis plays much worse against good teams than bad teams. They tend to have their best performances against weaker opponents but really struggle against stronger teams on their schedule.,Saint Louis plays a little better in slower paced games. They have slightly stronger performances in games with less possessions but are a little worse in games with more possessions.
57,Richmond,Richmond,6.63521676596585,3.70478659902058,10.3400033649864,50.8628786946994,-6.31900513619864,45,82,70.2544178374869,151,343,13,9,#FFDDB2,#FFE5C4,#FFD9AA,#DA4963,#E0DFBD,Richmond plays much better against good teams than bad teams. They compete at a higher level against tough opposition but struggle against weaker opponents.,Richmond performs at a similar level regardless of the pace of the game.
58,Xavier,Xavier,5.61720510221549,4.61750740276919,10.2347125049847,-13.9637272555603,5.23842493679671,58,70,70.3056574556979,145,58,13,8,#FFE2BD,#FFDFB6,#FFDAAB,#BFDCD7,#EFE2B7,Xavier performs at a similar level against both good and bad teams.,Xavier performs at a similar level regardless of the pace of the game.
59,Dayton,Dayton,7.08911178456829,3.03489137149814,10.1240031560664,87.4505782614935,11.7999613166582,39,95,66.7121537911867,316,87,14,9,#FFDAAC,#FFE9CF,#FFDAAC,#93003A,#F0DCB2,Dayton plays much better against good teams than bad teams. They compete at a higher level against tough opposition but struggle against weaker opponents.,Dayton performs at a similar level regardless of the pace of the game.
60,Oregon State,Oregon State,6.18448360259861,3.75909718112913,9.94358078372775,99.009900990099,-18.3637144265498,53,80,67.29455149382,303,315,19,13,#FFDFB7,#FFE4C4,#FFDBAD,#93003A,#C4D1BF,Oregon State plays much better against good teams than bad teams. They compete at a higher level against tough opposition but struggle against weaker opponents.,Oregon State plays a little better in slower paced games. They have slightly stronger performances in games with less possessions but are a little worse in games with more possessions.
61,NC State,NC State,5.95972182356128,3.86386903552529,9.82359085908657,-52.6074569213893,-0.80209489005989,54,76,69.3093791885533,206,326,14,11,#FFE0BA,#FFE4C2,#FFDBAE,#4373B2,#EDE6BC,NC State plays much worse against good teams than bad teams. They tend to have their best performances against weaker opponents but really struggle against stronger teams on their schedule.,NC State performs at a similar level regardless of the pace of the game.
62,Mississippi State,Mississippi State,4.15935195615365,5.54573679797422,9.70508875412787,-47.4402968218376,89.5070338294974,80,54,67.4611465865441,293,298,18,15,#FFE9CE,#FFD8A8,#FFDBAF,#5681B9,#FC9873,Mississippi State plays much worse against good teams than bad teams. They tend to have their best performances against weaker opponents but really struggle against stronger teams on their schedule.,Mississippi State plays better in faster paced games. They have stronger performances in games with more possessions but are worse in games with less possessions.
63,Boise State,Boise State,4.99117876964152,4.64088133729478,9.6320601069363,-3.67420927995528,79.2922723075954,67,69,70.3830054163913,140,197,18,9,#FFE5C5,#FFDEB6,#FFDCB0,#EEF5DD,#FBA17C,Boise State performs at a similar level against both good and bad teams.,Boise State plays better in faster paced games. They have stronger performances in games with more possessions but are worse in games with less possessions.
64,Wright State,Wright State,4.54039246720547,5.08937050891807,9.62976297612355,-1.92852311215801,54.6160748824647,73,64,72.5156409414067,51,337,18,5,#FFE7CA,#FFDBAF,#FFDCB0,#F6FADE,#F7B790,Wright State performs at a similar level against both good and bad teams.,Wright State plays a little better in faster paced games. They have slightly stronger performances in games with more possessions but are a little worse in games with less possessions.
65,Georgetown,Georgetown,3.84187704007303,5.77691757487607,9.6187946149491,12.2808199073081,-18.109080221203,86,51,71.54631677069,92,213,13,13,#FFEBD2,#FFD7A4,#FFDCB0,#FFD2BF,#C5D1BF,Georgetown performs at a similar level against both good and bad teams.,Georgetown performs at a similar level regardless of the pace of the game.
66,VCU,VCU,0.636216886490472,8.71807902452026,9.35429591101073,21.1499575264304,-24.8225473234406,137,21,71.3262145582167,100,114,17,7,#FFFBF7,#FFC276,#FFDDB2,#FFB2A8,#B5C9C0,VCU plays a little better against good teams than bad teams. They are slightly better than expected against tough opposition but are slightly worse against weaker opponents.,VCU plays a little better in slower paced games. They have slightly stronger performances in games with less possessions but are a little worse in games with more possessions.
67,Marquette,Marquette,4.39902407029451,4.81439117142191,9.21341524171642,-15.1142843013322,53.6247681858057,76,66,69.1701708984547,211,307,13,14,#FFE8CC,#FFDDB3,#FFDDB3,#BAD9D7,#F7B790,Marquette plays a little worse against good teams than bad teams. They tend to play slightly better than expected against weaker opposition but are slightly worse against tougher opponents.,Marquette plays a little better in faster paced games. They have slightly stronger performances in games with more possessions but are a little worse in games with less possessions.
68,Stanford,Stanford,1.4660981856596,7.53062971855842,8.99672790421802,-18.4435478996787,98.7890717345093,118,27,70.7520297633226,120,193,14,13,#FFF7EE,#FFCA89,#FFDEB5,#ABD1D5,#FE926E,Stanford plays a little worse against good teams than bad teams. They tend to play slightly better than expected against weaker opposition but are slightly worse against tougher opponents.,Stanford plays better in faster paced games. They have stronger performances in games with more possessions but are worse in games with less possessions.
69,Auburn,Auburn,6.30936778186694,2.6608767676116,8.97024454947854,-15.6787941155931,11.6447449853539,50,105,72.30742635336,61,217,13,14,#FFDEB5,#FFECD5,#FFDEB5,#B7D8D6,#F0DCB2,Auburn plays a little worse against good teams than bad teams. They tend to play slightly better than expected against weaker opposition but are slightly worse against tougher opponents.,Auburn performs at a similar level regardless of the pace of the game.
70,Saint John's,Saint John's,5.36171933732145,3.26140308508661,8.62312242240805,35.4688849825673,-18.8105638839563,60,89,75.0300333206667,6,124,16,11,#FFE3C0,#FFE8CB,#FFDFB8,#F07F85,#C3D0BF,Saint John's plays a little better against good teams than bad teams. They are slightly better than expected against tough opposition but are slightly worse against weaker opponents.,Saint John's plays a little better in slower paced games. They have slightly stronger performances in games with less possessions but are a little worse in games with more possessions.
71,Providence,Providence,3.26030964442901,5.26337725976854,8.52368690419755,11.9443017058047,-32.0005932982763,94,60,68.5849341179793,246,83,13,13,#FFEED9,#FFDAAC,#FFE0B9,#FFD3C0,#A4C1C2,Providence performs at a similar level against both good and bad teams.,Providence plays a little better in slower paced games. They have slightly stronger performances in games with less possessions but are a little worse in games with more possessions.
72,UC Santa Barbara,UC Santa Barbara,4.77772173199272,3.72208974903033,8.49981148102305,14.3671923784689,-11.5510208468176,71,81,67.5827328246793,286,156,20,5,#FFE6C7,#FFE5C4,#FFE0B9,#FFCBBA,#D4D9BE,UC Santa Barbara performs at a similar level against both good and bad teams.,UC Santa Barbara performs at a similar level regardless of the pace of the game.
73,Wichita State,Wichita State,4.05011593637119,4.38588156133229,8.43599749770348,32.9065747486654,-4.36665841029906,82,73,68.9953284723074,222,146,14,6,#FFEAD0,#FFE0BA,#FFE0BA,#F4888B,#E4E1BC,Wichita State plays a little better against good teams than bad teams. They are slightly better than expected against tough opposition but are slightly worse against weaker opponents.,Wichita State performs at a similar level regardless of the pace of the game.
74,Louisiana Tech,Louisiana Tech,1.15310537734463,7.19782710953578,8.35093248688041,1.7177392783046,7.59817221533336,124,31,71.3922184251598,99,62,23,8,#FFF9F1,#FFCD8E,#FFE0BA,#FFF8DB,#F0E0B5,Louisiana Tech performs at a similar level against both good and bad teams.,Louisiana Tech performs at a similar level regardless of the pace of the game.
75,Drake,Drake,7.04044370361422,1.24829596508709,8.28873966870131,-43.2658016353075,22.4201134583498,41,133,68.0784764425471,265,73,24,5,#FFDAAD,#FFF6EB,#FFE1BB,#608CBD,#F2D3A9,Drake plays much worse against good teams than bad teams. They tend to have their best performances against weaker opponents but really struggle against stronger teams on their schedule.,Drake performs at a similar level regardless of the pace of the game.
76,Furman,Furman,6.19489879626852,1.97027018091977,8.16516897718829,-33.8975917438138,9.62373585810104,52,120,69.7953688631771,182,37,13,9,#FFDFB7,#FFF1E0,#FFE1BC,#78A7C7,#F0DEB4,Furman plays a little worse against good teams than bad teams. They tend to play slightly better than expected against weaker opposition but are slightly worse against tougher opponents.,Furman performs at a similar level regardless of the pace of the game.
77,Colorado State,Colorado State,5.11905501761931,2.96741181769892,8.08646683531823,-63.6911857587952,1.68141137482895,66,97,70.0676620540447,166,59,19,8,#FFE4C3,#FFEAD0,#FFE1BC,#1B56A5,#EFE5BA,Colorado State plays much worse against good teams than bad teams. They tend to have their best performances against weaker opponents but really struggle against stronger teams on their schedule.,Colorado State performs at a similar level regardless of the pace of the game.
78,Minnesota,Minnesota,2.869370173356,5.16932539939153,8.03869557274754,-1.59210740278496,50.5055849294104,102,63,72.1278660879093,71,2,14,15,#FFF0DD,#FFDBAE,#FFE1BD,#F7FBDF,#F6BA93,Minnesota performs at a similar level against both good and bad teams.,Minnesota plays a little better in faster paced games. They have slightly stronger performances in games with more possessions but are a little worse in games with less possessions.
79,Western Kentucky,Western Kentucky,4.45017899757555,3.56518333716135,8.0153623347369,12.7481898089011,27.5290863614846,74,87,69.6234291273409,188,251,21,8,#FFE8CB,#FFE6C7,#FFE2BD,#FFD1BE,#F3CEA5,Western Kentucky performs at a similar level against both good and bad teams.,Western Kentucky performs at a similar level regardless of the pace of the game.
80,Buffalo,Buffalo,4.33100519296775,3.64195672915291,7.97296192212066,-12.5156889751766,0.763718680226098,77,84,74.0958764146667,17,327,15,9,#FFE8CC,#FFE5C5,#FFE2BD,#C6DFD8,#EFE6BB,Buffalo performs at a similar level against both good and bad teams.,Buffalo performs at a similar level regardless of the pace of the game.
81,North Texas,North Texas,3.58334993336287,4.38293619018923,7.96628612355211,-42.4329564278312,15.5963322834214,89,74,65.280634006,337,250,17,10,#FFECD5,#FFE0BA,#FFE2BD,#638FBE,#F1D9AF,North Texas plays a little worse against good teams than bad teams. They tend to play slightly better than expected against weaker opposition but are slightly worse against tougher opponents.,North Texas performs at a similar level regardless of the pace of the game.
82,Toledo,Toledo,7.83100396288646,-0.251453642572095,7.57955032031437,-10.5478268903829,26.3043715956453,29,177,70.758040909666,119,25,21,9,#FFD6A4,#FCFDFE,#FFE3C1,#CFE4D9,#F3CFA6,Toledo performs at a similar level against both good and bad teams.,Toledo performs at a similar level regardless of the pace of the game.
83,Ohio,Ohio,6.30767850365209,1.11557705465972,7.4232555583118,27.936416161425,9.52365265514261,51,135,70.5399171001763,132,141,16,8,#FFDEB5,#FFF7ED,#FFE4C2,#FA9A97,#F0DEB4,Ohio plays a little better against good teams than bad teams. They are slightly better than expected against tough opposition but are slightly worse against weaker opponents.,Ohio performs at a similar level regardless of the pace of the game.
84,Marshall,Marshall,5.3235188514845,2.08084150070249,7.40436035218698,11.5581730348537,26.3655970679342,62,114,73.7173912026667,21,317,15,7,#FFE3C1,#FFF0DE,#FFE4C2,#FFD5C1,#F3CFA6,Marshall performs at a similar level against both good and bad teams.,Marshall performs at a similar level regardless of the pace of the game.
85,Colgate,Colgate,5.71537402554507,1.62826499674648,7.34363902229155,-18.217379954086,-30.9507492327594,57,128,72.7163845590153,44,176,11,2,#FFE1BC,#FFF3E5,#FFE4C3,#ACD1D5,#A7C2C2,Colgate plays a little worse against good teams than bad teams. They tend to play slightly better than expected against weaker opposition but are slightly worse against tougher opponents.,Colgate plays a little better in slower paced games. They have slightly stronger performances in games with less possessions but are a little worse in games with more possessions.
86,Saint Mary's,Saint Mary's,-1.67365421591884,8.79906515178572,7.12541093586687,-41.3602605400852,-8.22584648450939,194,20,66.031255118,330,70,14,10,#EFF5FA,#FFC275,#FFE5C4,#6592BF,#DBDDBD,Saint Mary's plays a little worse against good teams than bad teams. They tend to play slightly better than expected against weaker opposition but are slightly worse against tougher opponents.,Saint Mary's performs at a similar level regardless of the pace of the game.
87,Northwestern,Northwestern,1.09926912627551,5.90599592244164,7.00526504871715,-45.0239809843359,14.7141250991242,126,45,69.8976638411552,179,305,8,15,#FFF9F2,#FFD6A2,#FFE5C5,#5C88BB,#F1DAB0,Northwestern plays much worse against good teams than bad teams. They tend to have their best performances against weaker opponents but really struggle against stronger teams on their schedule.,Northwestern performs at a similar level regardless of the pace of the game.
88,Winthrop,Winthrop,3.33749859778772,3.63572435619343,6.97322295398114,29.4452100456222,23.3880574861209,92,86,74.192597672,16,266,20,2,#FFEDD8,#FFE5C6,#FFE5C6,#F89493,#F2D2A9,Winthrop plays a little better against good teams than bad teams. They are slightly better than expected against tough opposition but are slightly worse against weaker opponents.,Winthrop performs at a similar level regardless of the pace of the game.
89,Belmont,Belmont,6.51281822273965,0.339243819891514,6.85206204263116,-19.6212699312367,-1.80739201919905,47,157,71.9161726807739,79,234,25,4,#FFDDB3,#FFFCF9,#FFE6C7,#A5CED4,#EAE4BC,Belmont plays a little worse against good teams than bad teams. They tend to play slightly better than expected against weaker opposition but are slightly worse against tougher opponents.,Belmont performs at a similar level regardless of the pace of the game.
90,Vanderbilt,Vanderbilt,4.81640477705899,1.96704388122848,6.78344865828747,-42.9152508496532,-18.5593167220354,69,121,70.0505779125081,167,333,9,16,#FFE6C7,#FFF1E0,#FFE6C7,#618DBD,#C3D0BF,Vanderbilt plays much worse against good teams than bad teams. They tend to have their best performances against weaker opponents but really struggle against stronger teams on their schedule.,Vanderbilt plays a little better in slower paced games. They have slightly stronger performances in games with less possessions but are a little worse in games with more possessions.
91,UNC Greensboro,UNC Greensboro,1.02752319173084,5.62260558191256,6.6501287736434,0.248426034903276,-36.6267475401932,130,52,69.5319318699721,196,313,21,9,#FFF9F3,#FFD8A6,#FFE7C8,#FFFEDF,#9ABBC3,UNC Greensboro performs at a similar level against both good and bad teams.,UNC Greensboro plays better in slower paced games. They have stronger performances in games with less possessions but are worse in games with more possessions.
92,Notre Dame,Notre Dame,8.23403514838753,-1.81033863349793,6.42369651488959,-15.8818899360543,-20.2752469380961,25,216,68.7058750860637,240,256,11,15,#FFD49F,#E9F1F8,#FFE7CA,#B6D7D6,#C0CEC0,Notre Dame plays a little worse against good teams than bad teams. They tend to play slightly better than expected against weaker opposition but are slightly worse against tougher opponents.,Notre Dame plays a little better in slower paced games. They have slightly stronger performances in games with less possessions but are a little worse in games with more possessions.
93,Abilene Christian,Abilene Christian,-0.971182410170576,7.19142587922641,6.22024346905584,1.68103446043767,36.3956876562436,175,32,71.0533966777823,108,9,19,5,#F6F9FC,#FFCD8E,#FFE8CC,#FFF8DB,#F4C79E,Abilene Christian performs at a similar level against both good and bad teams.,Abilene Christian plays a little better in faster paced games. They have slightly stronger performances in games with more possessions but are a little worse in games with less possessions.
94,Arizona State,Arizona State,4.04121371588459,2.14544434177906,6.18665805766364,-17.8171130990202,23.4848688725736,83,111,73.7132699452,22,60,11,14,#FFEAD0,#FFF0DD,#FFE8CC,#AED2D5,#F2D2A9,Arizona State plays a little worse against good teams than bad teams. They tend to play slightly better than expected against weaker opposition but are slightly worse against tougher opponents.,Arizona State performs at a similar level regardless of the pace of the game.
95,Liberty,Liberty,5.38079466347015,0.787956195763659,6.16875085923381,3.3991765905392,-25.0476445208015,59,144,65.2443964326667,338,52,19,6,#FFE3C0,#FFF9F2,#FFE8CC,#FFF2D7,#B4C9C1,Liberty performs at a similar level against both good and bad teams.,Liberty plays a little better in slower paced games. They have slightly stronger performances in games with less possessions but are a little worse in games with more possessions.
96,Pepperdine,Pepperdine,4.11216413215019,1.97290269327918,6.08506682542937,19.8478159676038,12.0913711362952,81,119,72.3952774800173,56,322,13,12,#FFE9CF,#FFF1E0,#FFE9CD,#FFB7AB,#F0DCB2,Pepperdine plays a little better against good teams than bad teams. They are slightly better than expected against tough opposition but are slightly worse against weaker opponents.,Pepperdine performs at a similar level regardless of the pace of the game.
97,Vermont,Vermont,3.23339472502936,2.81963702347931,6.05303174850867,-16.8597984906426,-7.58733692219253,95,102,68.8044388016213,232,226,10,4,#FFEED9,#FFEBD2,#FFE9CD,#B2D5D6,#DDDDBD,Vermont plays a little worse against good teams than bad teams. They tend to play slightly better than expected against weaker opposition but are slightly worse against tougher opponents.,Vermont performs at a similar level regardless of the pace of the game.
98,UAB,UAB,0.562634665867204,5.41753466022188,5.98016932608909,-4.97683385817611,57.5682794908231,141,58,69.2037424944585,210,137,20,7,#FFFCF8,#FFD9AA,#FFE9CE,#E8F2DD,#F7B48D,UAB performs at a similar level against both good and bad teams.,UAB plays a little better in faster paced games. They have slightly stronger performances in games with more possessions but are a little worse in games with less possessions.
99,Eastern Washington,Eastern Washington,5.23555262170709,-0.0820109481147388,5.15354167359235,27.3744498196628,20.3850170174907,63,168,72.8333870367067,41,310,15,8,#FFE4C2,#FEFEFE,#FFECD4,#FB9C98,#F2D5AB,Eastern Washington plays a little better against good teams than bad teams. They are slightly better than expected against tough opposition but are slightly worse against weaker opponents.,Eastern Washington performs at a similar level regardless of the pace of the game.
100,South Dakota State,South Dakota State,7.58514284281716,-2.46473768297974,5.12040515983742,28.9340585438657,-21.927235062374,34,233,72.1560641758333,67,101,15,7,#FFD8A7,#E1EDF6,#FFECD5,#F99694,#BCCCC0,South Dakota State plays a little better against good teams than bad teams. They are slightly better than expected against tough opposition but are slightly worse against weaker opponents.,South Dakota State plays a little better in slower paced games. They have slightly stronger performances in games with less possessions but are a little worse in games with more possessions.
101,Nevada,Nevada,3.14382694422308,1.91259620297042,5.0564231471935,45.2394974073265,-19.8681178199559,97,123,71.8184496264067,81,67,15,10,#FFEEDA,#FFF1E1,#FFECD5,#E35C6F,#C0CFBF,Nevada plays much better against good teams than bad teams. They compete at a higher level against tough opposition but struggle against weaker opponents.,Nevada plays a little better in slower paced games. They have slightly stronger performances in games with less possessions but are a little worse in games with more possessions.
102,Pittsburgh,Pittsburgh,3.00595279639956,1.97458894291826,4.98054173931783,43.2687283028991,44.0356773436059,99,118,70.4362872544961,136,206,10,12,#FFEFDC,#FFF1E0,#FFEDD6,#E66374,#F5C098,Pittsburgh plays a little better against good teams than bad teams. They are slightly better than expected against tough opposition but are slightly worse against weaker opponents.,Pittsburgh plays a little better in faster paced games. They have slightly stronger performances in games with more possessions but are a little worse in games with less possessions.
103,Cincinnati,Cincinnati,0.813060440672222,4.07011524210787,4.88317568278009,-42.137776009617,41.9309624674684,132,75,72.4719555925627,55,269,12,11,#FFFAF5,#FFE2BF,#FFEDD7,#6390BE,#F5C29A,Cincinnati plays a little worse against good teams than bad teams. They tend to play slightly better than expected against weaker opposition but are slightly worse against tougher opponents.,Cincinnati plays a little better in faster paced games. They have slightly stronger performances in games with more possessions but are a little worse in games with less possessions.
104,Grand Canyon,Grand Canyon,1.8727378123483,3.00865828244547,4.88139609479378,7.92314650952822,-17.9472988719561,113,96,67.3030557843747,302,239,14,7,#FFF5E9,#FFEACF,#FFEDD7,#FFE2CB,#C5D1BF,Grand Canyon performs at a similar level against both good and bad teams.,Grand Canyon performs at a similar level regardless of the pace of the game.
105,UCF,UCF,1.98516444217884,2.83145967078731,4.81662411296615,6.94085050573529,-14.7065053374267,112,100,68.6941668804118,242,122,11,12,#FFF4E8,#FFEBD2,#FFEDD7,#FFE5CD,#CCD5BE,UCF performs at a similar level against both good and bad teams.,UCF performs at a similar level regardless of the pace of the game.
106,Washington State,Washington State,-2.32867891063633,7.08642538676039,4.75774647612407,15.2250319267127,5.61231386252888,210,35,70.1374628132408,158,77,14,14,#EAF2F8,#FFCD8F,#FFEDD8,#FFC8B7,#EFE2B7,Washington State plays a little better against good teams than bad teams. They are slightly better than expected against tough opposition but are slightly worse against weaker opponents.,Washington State performs at a similar level regardless of the pace of the game.
107,Georgia,Georgia,3.56213644589713,1.15507097766564,4.71720742356277,40.1662831998466,-46.4511039298021,90,134,74.39374594,13,94,13,12,#FFECD5,#FFF7EC,#FFEDD8,#EA6E7B,#83AFC5,Georgia plays a little better against good teams than bad teams. They are slightly better than expected against tough opposition but are slightly worse against weaker opponents.,Georgia plays better in slower paced games. They have stronger performances in games with less possessions but are worse in games with more possessions.
108,Missouri State,Missouri State,3.31866152766525,1.33967445904971,4.65833598671495,-49.1164098744253,30.67470148621,93,132,69.7509566431491,186,238,15,7,#FFEED8,#FFF5EA,#FFEED8,#507CB7,#F3CCA3,Missouri State plays much worse against good teams than bad teams. They tend to have their best performances against weaker opponents but really struggle against stronger teams on their schedule.,Missouri State performs at a similar level regardless of the pace of the game.
109,San Francisco,San Francisco,1.69092805485474,2.79194803327958,4.48287608813433,-55.7664337176953,43.0442876552247,117,103,69.9812904344498,171,328,11,14,#FFF6EB,#FFEBD3,#FFEEDA,#386BAF,#F5C199,San Francisco plays much worse against good teams than bad teams. They tend to have their best performances against weaker opponents but really struggle against stronger teams on their schedule.,San Francisco plays a little better in faster paced games. They have slightly stronger performances in games with more possessions but are a little worse in games with less possessions.
110,Rhode Island,Rhode Island,-0.201117208464819,4.51563548734009,4.31451827887527,51.2849351568941,30.0405951772952,156,72,71.4218823308147,97,168,10,15,#FDFDFE,#FFDFB8,#FFEFDB,#D84762,#F3CCA3,Rhode Island plays much better against good teams than bad teams. They compete at a higher level against tough opposition but struggle against weaker opponents.,Rhode Island performs at a similar level regardless of the pace of the game.
111,Duquesne,Duquesne,0.245923478505464,3.67255397590792,3.91847745441338,16.5399852394904,5.417725878152,145,83,70.3877441475333,138,74,9,9,#FFFDFC,#FFE5C5,#FFF0DF,#FFC3B4,#EFE2B7,Duquesne plays a little better against good teams than bad teams. They are slightly better than expected against tough opposition but are slightly worse against weaker opponents.,Duquesne performs at a similar level regardless of the pace of the game.
112,Nebraska,Nebraska,-0.989063310727698,4.86509025867333,3.87602694794563,-42.2163362628903,-31.741847017482,176,65,72.9540546711333,37,19,6,21,#F6F9FC,#FFDDB2,#FFF1DF,#638FBE,#A5C1C2,Nebraska plays a little worse against good teams than bad teams. They tend to play slightly better than expected against weaker opposition but are slightly worse against tougher opponents.,Nebraska plays a little better in slower paced games. They have slightly stronger performances in games with less possessions but are a little worse in games with more possessions.
113,Akron,Akron,3.70244094221682,-0.0858015011782879,3.61663944103853,60.8351328577625,-13.2570251450795,88,169,70.1754846431208,155,99,13,8,#FFECD4,#FDFEFE,#FFF1E1,#BC2A52,#D0D7BE,Akron plays much better against good teams than bad teams. They compete at a higher level against tough opposition but struggle against weaker opponents.,Akron performs at a similar level regardless of the pace of the game.
114,Loyola Marymount,Loyola Marymount,2.55946885621402,0.909048765445229,3.46851762165925,-6.94902180740563,-12.0797317383861,110,140,67.9638752190833,268,275,13,9,#FFF1E1,#FFF8F0,#FFF2E2,#DFEDDB,#D3D8BE,Loyola Marymount performs at a similar level against both good and bad teams.,Loyola Marymount performs at a similar level regardless of the pace of the game.
115,Butler,Butler,1.14315604846887,2.3077139673497,3.45087001581857,28.6925513694306,-10.3278376971492,125,108,65.9461028146667,334,51,10,15,#FFF9F1,#FFEFDA,#FFF2E2,#F99795,#D7DABE,Butler plays a little better against good teams than bad teams. They are slightly better than expected against tough opposition but are slightly worse against weaker opponents.,Butler performs at a similar level regardless of the pace of the game.
116,New Mexico State,New Mexico State,3.52698479445562,-0.139938434518923,3.3870463599367,1.07869892834447,49.9353641003452,91,172,66.1555688630667,328,109,9,8,#FFECD6,#FDFDFE,#FFF2E3,#FFFBDD,#F6BB93,New Mexico State performs at a similar level against both good and bad teams.,New Mexico State plays a little better in faster paced games. They have slightly stronger performances in games with more possessions but are a little worse in games with less possessions.
117,UC Irvine,UC Irvine,-2.61251872299239,5.9440455008675,3.3315267778751,-11.0026593097477,23.4720985210217,217,44,69.0628187619261,219,6,16,9,#E7F0F8,#FFD5A1,#FFF2E3,#CCE3D9,#F2D2A9,UC Irvine performs at a similar level against both good and bad teams.,UC Irvine performs at a similar level regardless of the pace of the game.
118,Tulsa,Tulsa,-0.74214701166266,3.85428862979149,3.11214161812883,29.7232390714563,18.3749767092344,167,77,67.7757212565427,278,154,9,12,#F8FAFD,#FFE4C2,#FFF3E5,#F89493,#F1D6AD,Tulsa plays a little better against good teams than bad teams. They are slightly better than expected against tough opposition but are slightly worse against weaker opponents.,Tulsa performs at a similar level regardless of the pace of the game.
119,Wofford,Wofford,3.18246805115358,-0.199806460958489,2.98266159019509,27.1308839722883,6.20098476360188,96,174,67.9638059725473,269,323,13,9,#FFEEDA,#FCFDFE,#FFF4E6,#FC9D99,#EFE1B7,Wofford plays a little better against good teams than bad teams. They are slightly better than expected against tough opposition but are slightly worse against weaker opponents.,Wofford performs at a similar level regardless of the pace of the game.
120,Oral Roberts,Oral Roberts,5.33667954941426,-2.52014784657161,2.81653170284265,68.0659137153238,62.4183481137387,61,234,72.1824748022867,66,162,15,11,#FFE3C1,#E1ECF6,#FFF4E8,#A71445,#F8B089,Oral Roberts plays much better against good teams than bad teams. They compete at a higher level against tough opposition but struggle against weaker opponents.,Oral Roberts plays a little better in faster paced games. They have slightly stronger performances in games with more possessions but are a little worse in games with less possessions.
121,Massachusetts,Massachusetts,1.7227252853431,1.09108775103829,2.8138130363814,-31.8775495587355,41.5496169016781,115,136,72.587706253084,49,271,8,7,#FFF6EB,#FFF7ED,#FFF4E8,#7EADC9,#F5C29A,Massachusetts plays a little worse against good teams than bad teams. They tend to play slightly better than expected against weaker opposition but are slightly worse against tougher opponents.,Massachusetts plays a little better in faster paced games. They have slightly stronger performances in games with more possessions but are a little worse in games with less possessions.
122,Murray State,Murray State,1.34948721383664,1.37579454876476,2.72528176260139,-19.5237540426577,-6.03899151161808,120,131,68.58895742588,245,46,11,13,#FFF8EF,#FFF5E9,#FFF5E8,#A6CED4,#E1DFBD,Murray State plays a little worse against good teams than bad teams. They tend to play slightly better than expected against weaker opposition but are slightly worse against tougher opponents.,Murray State performs at a similar level regardless of the pace of the game.
123,Texas A&M,Texas A&M,-0.433167859965039,3.04957038527582,2.61640252531078,-11.8550919875562,0.829036835146957,162,94,66.91640957016,311,140,8,10,#FBFCFD,#FFE9CF,#FFF5E9,#C9E1D9,#EFE6BB,Texas A&M performs at a similar level against both good and bad teams.,Texas A&M performs at a similar level regardless of the pace of the game.
124,DePaul,DePaul,-3.38462631999996,5.78867878911745,2.40405246911749,-14.9155660746699,48.4779980123232,233,50,71.2239540937872,104,291,5,15,#E0ECF6,#FFD6A4,#FFF6EB,#BBD9D7,#F6BC94,DePaul plays a little worse against good teams than bad teams. They tend to play slightly better than expected against weaker opposition but are slightly worse against tougher opponents.,DePaul plays a little better in faster paced games. They have slightly stronger performances in games with more possessions but are a little worse in games with less possessions.
125,Mercer,Mercer,2.60985884060606,-0.319108140699432,2.29075069990663,0.825731912430924,33.0557450990225,107,180,69.6079648909051,190,164,15,11,#FFF1E0,#FBFCFD,#FFF6EC,#FFFCDD,#F4CAA1,Mercer performs at a similar level against both good and bad teams.,Mercer plays a little better in faster paced games. They have slightly stronger performances in games with more possessions but are a little worse in games with less possessions.
126,South Carolina,South Carolina,0.26948557258662,1.94490338166078,2.2143889542474,-6.11914681560688,-14.627744685337,143,122,74.9364469833333,7,284,6,15,#FFFDFB,#FFF1E0,#FFF7EC,#E3EFDC,#CDD5BE,South Carolina performs at a similar level against both good and bad teams.,South Carolina performs at a similar level regardless of the pace of the game.
127,Weber State,Weber State,4.02532360866465,-1.89988648071085,2.1254371279538,-15.0270186326944,0.0212404906069654,84,220,72.71660150964,43,63,14,6,#FFEAD0,#E8F1F8,#FFF7ED,#BAD9D7,#EFE6BB,Weber State plays a little worse against good teams than bad teams. They tend to play slightly better than expected against weaker opposition but are slightly worse against tougher opponents.,Weber State performs at a similar level regardless of the pace of the game.
128,Georgia State,Georgia State,2.98944485500311,-0.933590986084011,2.0558538689191,36.8042275608393,-10.7215958118962,100,189,71.9455596317523,74,116,14,6,#FFEFDC,#F3F8FB,#FFF7EE,#EE7A82,#D6DABE,Georgia State plays a little better against good teams than bad teams. They are slightly better than expected against tough opposition but are slightly worse against weaker opponents.,Georgia State performs at a similar level regardless of the pace of the game.
129,UC Riverside,UC Riverside,-1.28887909708196,3.31197826126346,2.0230991641815,17.2425220812807,-11.3496125595741,185,88,68.7128193026905,239,261,14,8,#F3F7FB,#FFE8CB,#FFF7EE,#FFC0B2,#D4D9BE,UC Riverside plays a little better against good teams than bad teams. They are slightly better than expected against tough opposition but are slightly worse against weaker opponents.,UC Riverside performs at a similar level regardless of the pace of the game.
130,Miami (Fla.),Miami (Fla.),-0.233427388886969,2.2103933328112,1.97696594392423,44.1669401070145,0.750677992796111,157,110,69.8609141464262,180,171,10,17,#FCFDFE,#FFEFDC,#FFF7EE,#E46072,#EFE6BB,Miami (Fla.) plays a little better against good teams than bad teams. They are slightly better than expected against tough opposition but are slightly worse against weaker opponents.,Miami (Fla.) performs at a similar level regardless of the pace of the game.
131,Indiana State,Indiana State,-0.921712158299289,2.83117726277486,1.90946510447557,-3.92194735649443,-4.97099372942298,174,101,68.746378406483,237,129,14,10,#F6F9FC,#FFEBD2,#FFF8EF,#EDF5DD,#E3E1BC,Indiana State performs at a similar level against both good and bad teams.,Indiana State performs at a similar level regardless of the pace of the game.
132,TCU,TCU,0.733947404920284,1.06165643703618,1.79560384195646,-0.3666579523189,66.3896808941782,136,137,68.7880651581907,233,287,12,14,#FFFBF6,#FFF7EE,#FFF8F0,#FDFEDF,#F9AC86,TCU performs at a similar level against both good and bad teams.,TCU plays better in faster paced games. They have stronger performances in games with more possessions but are worse in games with less possessions.
133,Washington,Washington,0.740224675511927,0.998588297674041,1.73881297318597,9.49164178540082,-35.0580260373186,135,139,72.30234339568,62,92,6,21,#FFFBF6,#FFF8EF,#FFF8F0,#FFDCC6,#9DBDC3,Washington performs at a similar level against both good and bad teams.,Washington plays a little better in slower paced games. They have slightly stronger performances in games with less possessions but are a little worse in games with more possessions.
134,East Tennessee State,East Tennessee State,-0.514966905912047,2.00539041434835,1.4904235084363,2.38441218292906,19.1075004220587,163,117,67.7460963068353,281,208,11,12,#FAFCFD,#FFF1DF,#FFF9F2,#FFF6D9,#F1D6AC,East Tennessee State performs at a similar level against both good and bad teams.,East Tennessee State performs at a similar level regardless of the pace of the game.
135,Stephen F. Austin,Stephen F. Austin,0.0956234422281018,1.39085057405422,1.48647401628232,-23.1176474914407,3.3750765578326,147,130,71.7010736758053,84,127,13,5,#FFFEFD,#FFF5E9,#FFF9F2,#95C5D2,#EFE4B9,Stephen F. Austin plays a little worse against good teams than bad teams. They tend to play slightly better than expected against weaker opposition but are slightly worse against tougher opponents.,Stephen F. Austin performs at a similar level regardless of the pace of the game.
136,Kent State,Kent State,1.45476627633882,0.0190480762939765,1.4738143526328,-1.33627199509493,-14.0471953865615,119,167,70.9401477942366,113,175,14,8,#FFF7EE,#FFFEFE,#FFF9F2,#F8FBDF,#CED6BE,Kent State performs at a similar level against both good and bad teams.,Kent State performs at a similar level regardless of the pace of the game.
137,Texas State,Texas State,-1.24782963950691,2.61987206619116,1.37204242668425,18.1873310296702,-19.010192743101,184,106,64.905924448,341,279,17,6,#F3F8FB,#FFECD5,#FFFAF3,#FFBDAF,#C2D0BF,Texas State plays a little better against good teams than bad teams. They are slightly better than expected against tough opposition but are slightly worse against weaker opponents.,Texas State plays a little better in slower paced games. They have slightly stronger performances in games with less possessions but are a little worse in games with more possessions.
138,George Mason,George Mason,-1.46985636984522,2.790510976253,1.32065460640778,-52.6348979446005,33.5244589856859,190,104,69.7904349395639,183,115,12,9,#F1F6FB,#FFEBD3,#FFFAF4,#4373B2,#F4C9A1,George Mason plays much worse against good teams than bad teams. They tend to have their best performances against weaker opponents but really struggle against stronger teams on their schedule.,George Mason plays a little better in faster paced games. They have slightly stronger performances in games with more possessions but are a little worse in games with less possessions.
139,Coastal Carolina,Coastal Carolina,-1.65443872486207,2.89125749563973,1.23681877077765,-12.2141384983617,48.7218705825268,193,99,72.7328764846704,42,143,14,8,#F0F5FA,#FFEAD1,#FFFAF4,#C7E0D8,#F6BC94,Coastal Carolina performs at a similar level against both good and bad teams.,Coastal Carolina plays a little better in faster paced games. They have slightly stronger performances in games with more possessions but are a little worse in games with less possessions.
140,Pacific,Pacific,-1.22508067723605,2.22366077405444,0.998580096818396,-64.9852714268798,2.3099259894404,181,109,68.1656883607327,263,85,8,9,#F3F8FB,#FFEFDC,#FFFBF6,#1652A4,#EFE4BA,Pacific plays much worse against good teams than bad teams. They tend to have their best performances against weaker opponents but really struggle against stronger teams on their schedule.,Pacific performs at a similar level regardless of the pace of the game.
141,Temple,Temple,-1.02976412967544,1.77361704502112,0.743852915345683,4.95758626029365,-25.8176022118056,177,126,69.4044335107705,201,325,5,11,#F5F9FC,#FFF2E3,#FFFCF8,#FFEDD2,#B3C8C1,Temple performs at a similar level against both good and bad teams.,Temple plays a little better in slower paced games. They have slightly stronger performances in games with less possessions but are a little worse in games with more possessions.
142,Kansas State,Kansas State,-2.99826710393905,3.63946188259776,0.641194778658703,-35.4044278069921,-10.2265688678576,226,85,67.2568069898933,304,262,9,19,#E4EEF7,#FFE5C5,#FFFCF9,#75A3C5,#D7DABE,Kansas State plays a little worse against good teams than bad teams. They tend to play slightly better than expected against weaker opposition but are slightly worse against tougher opponents.,Kansas State performs at a similar level regardless of the pace of the game.
143,Navy,Navy,-0.1982590997508,0.827552489820162,0.629293390069363,9.85790894490177,-1.76546173010653,155,143,68.5381299902997,251,205,15,2,#FDFDFE,#FFF9F2,#FFFCF9,#FFDBC5,#EAE4BC,Navy performs at a similar level against both good and bad teams.,Navy performs at a similar level regardless of the pace of the game.
144,North Dakota State,North Dakota State,0.792075293343284,-0.207090208750666,0.584985084592617,7.70263794565322,-15.4642725294013,134,175,66.6900781984,317,209,15,12,#FFFAF5,#FCFDFE,#FFFCFA,#FFE3CB,#CBD4BF,North Dakota State performs at a similar level against both good and bad teams.,North Dakota State performs at a similar level regardless of the pace of the game.
145,UTEP,UTEP,0.0316817689309592,0.437117197968473,0.468798966899433,10.1902650537307,-23.4280932521017,148,155,66.4484244932667,322,108,9,12,#FFFEFE,#FFFBF8,#FFFDFB,#FFDAC5,#B8CBC0,UTEP performs at a similar level against both good and bad teams.,UTEP plays a little better in slower paced games. They have slightly stronger performances in games with less possessions but are a little worse in games with more possessions.
146,California,California,-0.300203246091864,0.748168959136525,0.447965713044661,17.6984295407545,33.7275525322701,158,147,66.9754395697133,310,27,8,20,#FCFDFE,#FFF9F3,#FFFDFB,#FFBFB1,#F4C9A0,California plays a little better against good teams than bad teams. They are slightly better than expected against tough opposition but are slightly worse against weaker opponents.,California plays a little better in faster paced games. They have slightly stronger performances in games with more possessions but are a little worse in games with less possessions.
147,Morehead State,Morehead State,-2.58004843946868,2.96455026557349,0.384501826104805,-28.4290670114751,45.7395238600603,216,98,67.4446024785267,296,174,21,8,#E7F0F8,#FFEAD0,#FFFDFB,#87B6CD,#F6BE97,Morehead State plays a little worse against good teams than bad teams. They tend to play slightly better than expected against weaker opposition but are slightly worse against tougher opponents.,Morehead State plays a little better in faster paced games. They have slightly stronger performances in games with more possessions but are a little worse in games with less possessions.
148,Wake Forest,Wake Forest,0.79770720467615,-0.48749279250204,0.310214412174111,-53.8870061712502,96.5899898101817,133,185,68.3891788444053,255,170,5,16,#FFFAF5,#F9FBFD,#FFFDFC,#3E70B1,#FD926E,Wake Forest plays much worse against good teams than bad teams. They tend to have their best performances against weaker opponents but really struggle against stronger teams on their schedule.,Wake Forest plays better in faster paced games. They have stronger performances in games with more possessions but are worse in games with less possessions.
149,Iona,Iona,-1.57254282629077,1.77534120776591,0.202798381475136,-1.5726685813368,13.6940893959443,192,125,69.9121024480822,178,147,12,6,#F0F6FA,#FFF2E3,#FFFEFD,#F7FBDF,#F1DAB0,Iona performs at a similar level against both good and bad teams.,Iona performs at a similar level regardless of the pace of the game.
150,Boston College,Boston College,1.19944304712866,-1.02608391332405,0.173359133804614,-21.9842711612351,-4.49564687504315,123,192,72.674654499204,45,274,4,16,#FFF8F1,#F2F7FB,#FFFEFD,#9BC8D3,#E4E1BC,Boston College plays a little worse against good teams than bad teams. They tend to play slightly better than expected against weaker opposition but are slightly worse against tougher opponents.,Boston College performs at a similar level regardless of the pace of the game.
151,Old Dominion,Old Dominion,-1.99357953035786,2.09504088439366,0.101461354035801,30.4425758885405,-22.6897373173352,200,113,68.7710689605501,234,181,14,8,#EDF3F9,#FFF0DE,#FFFEFE,#F79191,#BACCC0,Old Dominion plays a little better against good teams than bad teams. They are slightly better than expected against tough opposition but are slightly worse against weaker opponents.,Old Dominion plays a little better in slower paced games. They have slightly stronger performances in games with less possessions but are a little worse in games with more possessions.
152,Siena,Siena,-0.147763614291711,0.0809917106249334,-0.0667719036667777,13.8511898104596,-14.8460026481674,153,165,67.1437855540273,306,272,12,5,#FDFEFE,#FFFEFD,#FEFEFE,#FFCDBB,#CCD5BE,Siena performs at a similar level against both good and bad teams.,Siena performs at a similar level regardless of the pace of the game.
153,Florida Atlantic,Florida Atlantic,-0.769114541986943,0.699424048673413,-0.0696904933135302,-13.3995933245536,78.1108760810074,168,151,70.3216022017482,144,23,9,10,#F8FAFD,#FFFAF4,#FEFEFE,#C2DDD8,#FBA27D,Florida Atlantic performs at a similar level against both good and bad teams.,Florida Atlantic plays better in faster paced games. They have stronger performances in games with more possessions but are worse in games with less possessions.
154,UMBC,UMBC,-2.15079151340816,2.03650561050768,-0.114285902900471,33.2112602616682,-3.21598050679888,205,115,69.5079998078241,197,309,14,5,#EBF3F9,#FFF0DF,#FEFEFE,#F3878B,#E7E3BC,UMBC plays a little better against good teams than bad teams. They are slightly better than expected against tough opposition but are slightly worse against weaker opponents.,UMBC performs at a similar level regardless of the pace of the game.
155,Chattanooga,Chattanooga,-0.37307563113758,0.258038204917625,-0.115037426219954,27.7735459607626,-8.37982947687747,160,160,68.8720431905107,229,334,16,8,#FBFCFE,#FFFDFA,#FEFEFE,#FB9A97,#DBDDBD,Chattanooga plays a little better against good teams than bad teams. They are slightly better than expected against tough opposition but are slightly worse against weaker opponents.,Chattanooga performs at a similar level regardless of the pace of the game.
156,Bowling Green,Bowling Green,1.02980639031708,-1.15851698251825,-0.128710592201172,4.59817393761525,30.6292488241353,129,199,71.5284496579477,93,347,13,12,#FFF9F3,#F1F6FB,#FEFEFE,#FFEED3,#F3CCA3,Bowling Green performs at a similar level against both good and bad teams.,Bowling Green performs at a similar level regardless of the pace of the game.
157,Southern Utah,Southern Utah,3.04682381305147,-3.17744717237273,-0.130623359321262,18.7532019662754,-9.2372523006348,98,251,71.2656054632693,101,270,15,4,#FFEFDB,#D9E7F4,#FEFEFE,#FFBBAE,#D9DCBD,Southern Utah plays a little better against good teams than bad teams. They are slightly better than expected against tough opposition but are slightly worse against weaker opponents.,Southern Utah performs at a similar level regardless of the pace of the game.
158,UTSA,UTSA,2.4607369365661,-2.63125964854338,-0.170522711977279,-22.6981106030361,-2.83700569975171,111,236,73.268046961704,31,24,11,11,#FFF2E2,#DFEBF6,#FEFEFE,#97C6D2,#E8E3BC,UTSA plays a little worse against good teams than bad teams. They tend to play slightly better than expected against weaker opposition but are slightly worse against tougher opponents.,UTSA performs at a similar level regardless of the pace of the game.
159,Gardner-Webb,Gardner-Webb,0.614017867483805,-0.959964268216811,-0.345946400733007,53.2513421735174,-74.6857922462866,138,191,69.3168570525795,205,169,11,15,#FFFBF7,#F3F7FB,#FDFDFE,#D3415F,#70A6C7,Gardner-Webb plays much better against good teams than bad teams. They compete at a higher level against tough opposition but struggle against weaker opponents.,Gardner-Webb plays better in slower paced games. They have stronger performances in games with less possessions but are worse in games with more possessions.
160,UNLV,UNLV,1.05893672549642,-1.40625601995652,-0.347319294460106,1.34091492134994,-0.709973405985306,128,207,67.5746649747107,287,107,10,15,#FFF9F2,#EEF4FA,#FDFDFE,#FFFADC,#EDE6BC,UNLV performs at a similar level against both good and bad teams.,UNLV performs at a similar level regardless of the pace of the game.
161,Drexel,Drexel,2.58396607197959,-3.05375936238807,-0.469793290408487,-25.4968301153515,-6.61524474331913,109,247,66.5247566933533,319,242,12,8,#FFF1E1,#DAE8F4,#FCFDFE,#8EBFD0,#DFDFBD,Drexel plays a little worse against good teams than bad teams. They tend to play slightly better than expected against weaker opposition but are slightly worse against tougher opponents.,Drexel performs at a similar level regardless of the pace of the game.
162,Bellarmine,Bellarmine,5.19841611832339,-5.6780961699256,-0.479680051602219,-42.0418365462854,-5.19472962423227,64,296,66.74041579536,313,342,12,8,#FFE4C2,#BBD5EB,#FCFDFE,#6490BE,#E2E0BD,Bellarmine plays a little worse against good teams than bad teams. They tend to play slightly better than expected against weaker opposition but are slightly worse against tougher opponents.,Bellarmine performs at a similar level regardless of the pace of the game.
163,Northern Iowa,Northern Iowa,0.898173895816118,-1.50075722917244,-0.602583333356323,-28.0942725908035,30.7513350323635,131,210,70.087463376178,163,188,8,15,#FFFAF4,#EDF4F9,#FBFDFE,#87B7CD,#F3CCA3,Northern Iowa plays a little worse against good teams than bad teams. They tend to play slightly better than expected against weaker opposition but are slightly worse against tougher opponents.,Northern Iowa performs at a similar level regardless of the pace of the game.
164,Eastern Kentucky,Eastern Kentucky,-0.902383143279506,0.268826709773913,-0.633556433505593,-3.89760397715414,27.8657219983208,172,159,75.9848959086667,3,161,20,7,#F6F9FC,#FFFDFA,#FBFCFE,#EDF5DD,#F3CEA5,Eastern Kentucky performs at a similar level against both good and bad teams.,Eastern Kentucky performs at a similar level regardless of the pace of the game.
165,Ball State,Ball State,-0.888725345772944,0.199581790453829,-0.689143555319115,-17.9298238003721,13.3392192319044,171,162,72.61734103548,48,49,10,13,#F7FAFC,#FFFDFB,#FBFCFD,#ADD2D5,#F1DBB1,Ball State plays a little worse against good teams than bad teams. They tend to play slightly better than expected against weaker opposition but are slightly worse against tougher opponents.,Ball State performs at a similar level regardless of the pace of the game.
166,Jacksonville State,Jacksonville State,0.572633486535648,-1.33313182079444,-0.760498334258795,21.0902741277178,-25.520039004476,140,203,68.0585828311995,266,265,16,9,#FFFCF8,#EFF5FA,#FBFCFD,#FFB2A8,#B3C8C1,Jacksonville State plays a little better against good teams than bad teams. They are slightly better than expected against tough opposition but are slightly worse against weaker opponents.,Jacksonville State plays a little better in slower paced games. They have slightly stronger performances in games with less possessions but are a little worse in games with more possessions.
167,Northeastern,Northeastern,-4.12462554002368,3.13697633305802,-0.987649206965659,-4.70047375047738,-6.49522136036757,248,91,69.5845117786739,192,86,9,9,#D9E8F4,#FFE9CD,#F9FBFD,#E9F3DD,#DFDFBD,Northeastern performs at a similar level against both good and bad teams.,Northeastern performs at a similar level regardless of the pace of the game.
168,Bradley,Bradley,-0.0718155411142379,-0.92715228221686,-0.998967823331098,30.3778418968245,24.2206820097619,150,188,67.7881058545673,277,118,10,16,#FEFEFE,#F4F8FB,#F9FBFD,#F79191,#F2D1A8,Bradley plays a little better against good teams than bad teams. They are slightly better than expected against tough opposition but are slightly worse against weaker opponents.,Bradley performs at a similar level regardless of the pace of the game.
169,South Dakota,South Dakota,2.92383768461754,-4.06698766276712,-1.14314997814959,-17.5113060970449,52.9278942281032,101,267,70.6158293338747,130,78,13,11,#FFF0DD,#CEE1F1,#F9FBFD,#AFD3D5,#F7B891,South Dakota plays a little worse against good teams than bad teams. They tend to play slightly better than expected against weaker opposition but are slightly worse against tougher opponents.,South Dakota plays a little better in faster paced games. They have slightly stronger performances in games with more possessions but are a little worse in games with less possessions.
170,Tulane,Tulane,-3.17750861652912,2.02286421261625,-1.15464440391287,-13.8505023593646,-7.17523805168911,228,116,68.6943292779763,241,285,10,13,#E2EDF6,#FFF0DF,#F9FBFD,#C0DCD7,#DEDEBD,Tulane performs at a similar level against both good and bad teams.,Tulane performs at a similar level regardless of the pace of the game.
171,South Florida,South Florida,-1.97869626910623,0.60014424563144,-1.37855202347479,-40.3360604451875,49.4010120740191,199,153,69.0711315865004,217,241,8,13,#EDF4F9,#FFFAF5,#F7FAFC,#6895C0,#F6BB94,South Florida plays a little worse against good teams than bad teams. They tend to play slightly better than expected against weaker opposition but are slightly worse against tougher opponents.,South Florida plays a little better in faster paced games. They have slightly stronger performances in games with more possessions but are a little worse in games with less possessions.
172,Miami (Ohio),Miami (Ohio),1.24159734543597,-2.70431994414779,-1.46272259871182,-66.8201392892266,68.5685519582739,122,237,67.9083415790516,271,306,11,11,#FFF8F0,#DFEBF5,#F7FAFC,#104DA2,#F9AA84,Miami (Ohio) plays much worse against good teams than bad teams. They tend to have their best performances against weaker opponents but really struggle against stronger teams on their schedule.,Miami (Ohio) plays better in faster paced games. They have stronger performances in games with more possessions but are worse in games with less possessions.
173,Santa Clara,Santa Clara,-2.41944691656161,0.892980136014186,-1.52646678054743,57.551961342499,12.0366061516169,212,141,72.2439110736707,64,320,11,8,#E9F1F8,#FFF8F1,#F7FAFC,#C63457,#F0DCB2,Santa Clara plays much better against good teams than bad teams. They compete at a higher level against tough opposition but struggle against weaker opponents.,Santa Clara performs at a similar level regardless of the pace of the game.
174,VMI,VMI,1.70068697483102,-3.28933327144057,-1.58864629660954,21.0013239492451,11.797466026182,116,254,71.9207915903949,78,5,10,12,#FFF6EB,#D8E6F3,#F6F9FC,#FFB3A8,#F0DCB2,VMI plays a little better against good teams than bad teams. They are slightly better than expected against tough opposition but are slightly worse against weaker opponents.,VMI performs at a similar level regardless of the pace of the game.
175,James Madison,James Madison,-0.183589529334355,-1.5143014519423,-1.69789098127665,27.0467272793557,5.3000444675525,154,211,72.89468848542,40,207,10,6,#FDFDFE,#EDF3F9,#F6F9FC,#FC9D99,#EFE2B7,James Madison plays a little better against good teams than bad teams. They are slightly better than expected against tough opposition but are slightly worse against weaker opponents.,James Madison performs at a similar level regardless of the pace of the game.
176,Sam Houston State,Sam Houston State,-2.12902096656071,0.181551797276296,-1.94746916928442,-64.2543664097771,24.3694521227128,204,163,72.9515433764,38,28,15,9,#EBF3F9,#FFFDFC,#F4F8FC,#1954A5,#F2D1A8,Sam Houston State plays much worse against good teams than bad teams. They tend to have their best performances against weaker opponents but really struggle against stronger teams on their schedule.,Sam Houston State performs at a similar level regardless of the pace of the game.
177,Wyoming,Wyoming,2.75501329878398,-4.71308546663779,-1.95807216785381,-35.6474317013224,62.783727683094,104,277,71.263987265218,102,113,14,11,#FFF0DF,#C7DCEE,#F4F8FC,#74A2C5,#F8AF89,Wyoming plays a little worse against good teams than bad teams. They tend to play slightly better than expected against weaker opposition but are slightly worse against tougher opponents.,Wyoming plays a little better in faster paced games. They have slightly stronger performances in games with more possessions but are a little worse in games with less possessions.
178,Cal State Bakersfield,Cal State Bakersfield,-1.78357889156716,-0.225526936335554,-2.00910582790272,15.4519366439829,0.718354670098472,196,176,66.3622430731333,325,252,13,11,#EEF5FA,#FCFDFE,#F4F8FC,#FFC7B7,#EFE6BB,Cal State Bakersfield plays a little better against good teams than bad teams. They are slightly better than expected against tough opposition but are slightly worse against weaker opponents.,Cal State Bakersfield performs at a similar level regardless of the pace of the game.
179,Nicholls State,Nicholls State,-2.46001784409282,0.17905709750533,-2.28096074658749,6.68340196317722,23.5937814109934,214,164,73.553690405,26,120,16,6,#E8F1F8,#FFFDFC,#F3F7FB,#FFE6CE,#F2D2A9,Nicholls State performs at a similar level against both good and bad teams.,Nicholls State performs at a similar level regardless of the pace of the game.
180,Austin Peay,Austin Peay,1.84024621274974,-4.13309975952922,-2.29285354677947,20.2445152095232,24.3372700959898,114,268,68.8819079350949,228,144,12,13,#FFF5E9,#CEE0F0,#F3F7FB,#FFB5AA,#F2D1A8,Austin Peay plays a little better against good teams than bad teams. They are slightly better than expected against tough opposition but are slightly worse against weaker opponents.,Austin Peay performs at a similar level regardless of the pace of the game.
181,Bryant,Bryant,-1.24244227929856,-1.06440750640059,-2.30684978569915,38.8041397913317,-6.98579481328066,183,193,76.1860223833333,2,182,13,6,#F3F8FB,#F2F7FB,#F3F7FB,#EC737E,#DEDEBD,Bryant plays a little better against good teams than bad teams. They are slightly better than expected against tough opposition but are slightly worse against weaker opponents.,Bryant performs at a similar level regardless of the pace of the game.
182,Elon,Elon,-3.03070919336154,0.702848573700027,-2.32786061966151,-8.39097318456534,-47.1898891446722,227,149,67.6255973132835,284,82,8,8,#E3EEF7,#FFFAF3,#F3F7FB,#D8EADB,#81AFC5,Elon performs at a similar level against both good and bad teams.,Elon plays better in slower paced games. They have stronger performances in games with less possessions but are worse in games with more possessions.
183,Hofstra,Hofstra,2.76470228865872,-5.21907601851479,-2.45437372985608,35.0701188326504,-6.2676238806776,103,286,69.9306228345329,175,211,13,10,#FFF0DE,#C1D8ED,#F2F7FB,#F18086,#E0DFBD,Hofstra plays a little better against good teams than bad teams. They are slightly better than expected against tough opposition but are slightly worse against weaker opponents.,Hofstra performs at a similar level regardless of the pace of the game.
184,Iowa State,Iowa State,-1.55187282887536,-0.936976917080329,-2.48884974595569,27.9847105056505,-3.43158221596682,191,190,70.9590275982531,112,218,2,22,#F1F6FA,#F3F8FB,#F2F7FB,#FA9A97,#E7E2BC,Iowa State plays a little better against good teams than bad teams. They are slightly better than expected against tough opposition but are slightly worse against weaker opponents.,Iowa State performs at a similar level regardless of the pace of the game.
185,Detroit,Detroit,3.9641978949405,-6.47202882375196,-2.50783092881146,-22.4382090794678,-22.2696195052079,85,303,69.067798743596,218,194,11,9,#FFEAD1,#B2CFE8,#F2F7FB,#98C7D2,#BBCCC0,Detroit plays a little worse against good teams than bad teams. They tend to play slightly better than expected against weaker opposition but are slightly worse against tougher opponents.,Detroit plays a little better in slower paced games. They have slightly stronger performances in games with less possessions but are a little worse in games with more possessions.
186,Arkansas-Little Rock,Arkansas-Little Rock,-1.35838319601063,-1.33503836760999,-2.69342156362062,41.5373783024773,63.933825340743,187,204,68.5749010243306,248,91,10,15,#F2F7FB,#EFF5FA,#F1F6FA,#E86978,#F8AE88,Arkansas-Little Rock plays a little better against good teams than bad teams. They are slightly better than expected against tough opposition but are slightly worse against weaker opponents.,Arkansas-Little Rock plays a little better in faster paced games. They have slightly stronger performances in games with more possessions but are a little worse in games with less possessions.
187,Louisiana-Lafayette,Louisiana-Lafayette,-1.45501544014029,-1.33811539269895,-2.79313083283924,14.142277741029,-7.4498396199911,189,205,72.3926385912627,57,297,15,9,#F1F6FB,#EFF5FA,#F0F6FA,#FFCCBA,#DDDEBD,Louisiana-Lafayette performs at a similar level against both good and bad teams.,Louisiana-Lafayette performs at a similar level regardless of the pace of the game.
188,East Carolina,East Carolina,-4.52848680606253,1.55696648876801,-2.97152031729452,41.0898318760769,-13.4644759247277,254,129,70.2400940601719,152,216,7,11,#D6E5F3,#FFF4E6,#EFF5FA,#E96B79,#CFD7BE,East Carolina plays a little better against good teams than bad teams. They are slightly better than expected against tough opposition but are slightly worse against weaker opponents.,East Carolina performs at a similar level regardless of the pace of the game.
189,Fresno State,Fresno State,-2.86549554437676,-0.145611538378366,-3.01110708275513,-16.1412024934396,-3.98944966430763,225,173,67.3337260393,300,157,10,12,#E5EFF7,#FDFDFE,#EFF5FA,#B5D6D6,#E5E2BC,Fresno State plays a little worse against good teams than bad teams. They tend to play slightly better than expected against weaker opposition but are slightly worse against tougher opponents.,Fresno State performs at a similar level regardless of the pace of the game.
190,Appalachian State,Appalachian State,-3.25630047030432,0.0466191465682519,-3.20968132373607,9.38896854864109,49.1053003877509,229,166,67.5604341164267,289,45,13,12,#E1ECF6,#FFFEFE,#EEF4FA,#FFDDC7,#F6BB94,Appalachian State performs at a similar level against both good and bad teams.,Appalachian State plays a little better in faster paced games. They have slightly stronger performances in games with more possessions but are a little worse in games with less possessions.
191,Loyola Maryland,Loyola Maryland,-4.01708058799276,0.773781277908866,-3.24329931008389,-3.67765993875794,4.20270202600189,242,145,70.1124273362172,161,148,4,10,#DAE8F4,#FFF9F2,#EEF4FA,#EEF5DD,#EFE3B8,Loyola Maryland performs at a similar level against both good and bad teams.,Loyola Maryland performs at a similar level regardless of the pace of the game.
192,Valparaiso,Valparaiso,-5.37697950382975,1.83543402897247,-3.54154547485728,41.3042565494639,43.4245377239089,264,124,68.9936730616968,223,190,8,18,#CEE1F1,#FFF2E2,#ECF3F9,#E86A78,#F5C099,Valparaiso plays a little better against good teams than bad teams. They are slightly better than expected against tough opposition but are slightly worse against weaker opponents.,Valparaiso plays a little better in faster paced games. They have slightly stronger performances in games with more possessions but are a little worse in games with less possessions.
193,Saint Peter's,Saint Peter's,-9.51200544709488,5.79482924399121,-3.71717620310368,22.306190012569,14.6058521604044,326,49,68.7658924286693,235,159,14,11,#A9CAE6,#FFD6A4,#EBF3F9,#FFAEA5,#F1DAB0,Saint Peter's plays a little better against good teams than bad teams. They are slightly better than expected against tough opposition but are slightly worse against weaker opponents.,Saint Peter's performs at a similar level regardless of the pace of the game.
194,Texas Southern,Texas Southern,-3.6537594001055,-0.138154181262049,-3.79191358136755,11.0721350965485,-24.5785823763132,238,171,72.9595920048533,36,278,16,9,#DEEAF5,#FDFDFE,#EBF2F9,#FFD7C2,#B6C9C0,Texas Southern performs at a similar level against both good and bad teams.,Texas Southern plays a little better in slower paced games. They have slightly stronger performances in games with less possessions but are a little worse in games with more possessions.
195,South Alabama,South Alabama,0.205242829634195,-4.03725696888793,-3.83201413925373,26.7343657904391,-1.12784601612595,146,266,68.4894024981715,254,281,13,11,#FFFDFC,#CFE1F1,#EBF2F9,#FC9E99,#ECE5BC,South Alabama plays a little better against good teams than bad teams. They are slightly better than expected against tough opposition but are slightly worse against weaker opponents.,South Alabama performs at a similar level regardless of the pace of the game.
196,Montana,Montana,-3.48308104890836,-0.368903878236277,-3.85198492714464,40.1211770807855,2.43400436711594,236,181,68.2041749401533,260,288,10,13,#DFEBF5,#FAFCFD,#EBF2F9,#EA6E7B,#EFE4BA,Montana plays a little better against good teams than bad teams. They are slightly better than expected against tough opposition but are slightly worse against weaker opponents.,Montana performs at a similar level regardless of the pace of the game.
197,Northern Colorado,Northern Colorado,-1.05484106266011,-2.85561554334955,-3.91045660600966,6.97486920817613,4.68789360368807,179,242,66.6795846613867,318,219,8,11,#F5F9FC,#DDEAF5,#EAF2F9,#FFE5CD,#EFE2B8,Northern Colorado performs at a similar level against both good and bad teams.,Northern Colorado performs at a similar level regardless of the pace of the game.
198,College of Charleston,College of Charleston,-0.000160218680570361,-4.0288870727452,-4.02904729142577,-12.4836319277169,11.0471307746527,149,265,65.9804369446,332,229,7,10,#FEFEFE,#CFE1F1,#EAF2F8,#C6DFD8,#F0DDB3,College of Charleston performs at a similar level against both good and bad teams.,College of Charleston performs at a similar level regardless of the pace of the game.
199,Hartford,Hartford,-5.77073808616405,1.70141642662427,-4.06932165953978,-5.42011190667462,-0.885253540901957,276,127,69.3265398721201,203,149,12,9,#CBDEF0,#FFF3E4,#EAF2F8,#E6F1DC,#ECE5BC,Hartford performs at a similar level against both good and bad teams.,Hartford performs at a similar level regardless of the pace of the game.
200,Northern Kentucky,Northern Kentucky,0.589555463598747,-4.73595651519856,-4.14640105159981,50.9188625642718,44.9434088574942,139,278,67.1078647201267,307,268,13,11,#FFFBF8,#C7DCEE,#E9F1F8,#DA4863,#F5BF97,Northern Kentucky plays much better against good teams than bad teams. They compete at a higher level against tough opposition but struggle against weaker opponents.,Northern Kentucky plays a little better in faster paced games. They have slightly stronger performances in games with more possessions but are a little worse in games with less possessions.
201,Rice,Rice,-0.884782102712486,-3.28168743490586,-4.16646953761835,-37.9852246536118,8.56963123992728,170,253,71.0731035982004,107,4,12,13,#F7FAFC,#D8E7F3,#E9F1F8,#6E9BC3,#F0DFB5,Rice plays a little worse against good teams than bad teams. They tend to play slightly better than expected against weaker opposition but are slightly worse against tougher opponents.,Rice performs at a similar level regardless of the pace of the game.
202,Monmouth,Monmouth,-2.82231083901586,-1.36469232366838,-4.18700316268423,18.2125356500767,15.0281219355564,222,206,74.82031557,9,42,12,8,#E5EFF7,#EEF5FA,#E9F1F8,#FFBDAF,#F1D9AF,Monmouth plays a little better against good teams than bad teams. They are slightly better than expected against tough opposition but are slightly worse against weaker opponents.,Monmouth performs at a similar level regardless of the pace of the game.
203,Morgan State,Morgan State,-1.99799436765983,-2.2172864793893,-4.21528084704913,45.2663562791732,27.9488761128321,201,228,73.0371122327267,34,339,12,7,#EDF3F9,#E4EEF7,#E9F1F8,#E35C6F,#F3CEA5,Morgan State plays much better against good teams than bad teams. They compete at a higher level against tough opposition but struggle against weaker opponents.,Morgan State performs at a similar level regardless of the pace of the game.
204,Cleveland State,Cleveland State,-4.48851016692957,0.246636843742554,-4.24187332318701,-42.2477195975768,-61.9576050238267,252,161,68.631884623187,244,100,18,8,#D6E6F3,#FFFDFB,#E9F1F8,#638FBE,#70A6C7,Cleveland State plays a little worse against good teams than bad teams. They tend to play slightly better than expected against weaker opposition but are slightly worse against tougher opponents.,Cleveland State plays better in slower paced games. They have stronger performances in games with less possessions but are worse in games with more possessions.
205,UNC Asheville,UNC Asheville,-0.833808480657066,-3.53055839527566,-4.36436687593273,0.615920881440738,-18.9304050381728,169,257,70.3783904023417,141,125,10,9,#F7FAFC,#D5E5F2,#E8F1F8,#FFFCDE,#C3D0BF,UNC Asheville performs at a similar level against both good and bad teams.,UNC Asheville plays a little better in slower paced games. They have slightly stronger performances in games with less possessions but are a little worse in games with more possessions.
206,Norfolk State,Norfolk State,-3.41756616677545,-1.1470253337475,-4.56459150052295,-55.5868805565143,-41.4585609774797,235,197,69.4249836334597,200,173,15,8,#E0ECF6,#F1F6FB,#E7F0F8,#386BAF,#8EB5C4,Norfolk State plays much worse against good teams than bad teams. They tend to have their best performances against weaker opponents but really struggle against stronger teams on their schedule.,Norfolk State plays better in slower paced games. They have stronger performances in games with less possessions but are worse in games with more possessions.
207,Charlotte,Charlotte,-2.67481026846511,-1.89495561419469,-4.5697658826598,16.6134206360842,29.8113109351732,221,219,62.8648401766667,346,111,9,15,#E6F0F8,#E8F1F8,#E7F0F8,#FFC3B4,#F3CCA4,Charlotte plays a little better against good teams than bad teams. They are slightly better than expected against tough opposition but are slightly worse against weaker opponents.,Charlotte performs at a similar level regardless of the pace of the game.
208,Saint Joseph's,Saint Joseph's,-1.06709417433978,-3.61860922825426,-4.68570340259404,8.82359421086018,0.513960176557666,180,259,73.1276727289067,33,177,5,15,#F5F9FC,#D4E4F2,#E6F0F8,#FFDFC8,#EFE6BB,Saint Joseph's performs at a similar level against both good and bad teams.,Saint Joseph's performs at a similar level regardless of the pace of the game.
209,Canisius,Canisius,-1.76294463388542,-2.99041866181805,-4.75336329570347,15.9931699235734,1.08534462170319,195,244,71.9248747233297,75,135,7,6,#EFF5FA,#DBE9F4,#E6EFF7,#FFC5B5,#EFE6BB,Canisius plays a little better against good teams than bad teams. They are slightly better than expected against tough opposition but are slightly worse against weaker opponents.,Canisius performs at a similar level regardless of the pace of the game.
210,Utah Valley,Utah Valley,-3.28552939654318,-1.55738409978811,-4.84291349633129,27.8706324203761,-23.8761926134214,230,212,71.8842190636883,80,196,9,11,#E1ECF6,#ECF3F9,#E6EFF7,#FB9A97,#B7CAC0,Utah Valley plays a little better against good teams than bad teams. They are slightly better than expected against tough opposition but are slightly worse against weaker opponents.,Utah Valley plays a little better in slower paced games. They have slightly stronger performances in games with less possessions but are a little worse in games with more possessions.
211,Wagner,Wagner,-1.29167309975828,-3.57119761979596,-4.86287071955425,-8.80364120606855,-28.1610634481276,186,258,66.7376336798133,314,249,13,6,#F3F7FB,#D4E4F2,#E5EFF7,#D6E9DA,#ADC5C1,Wagner performs at a similar level against both good and bad teams.,Wagner plays a little better in slower paced games. They have slightly stronger performances in games with less possessions but are a little worse in games with more possessions.
212,American,American,-3.30343283030983,-1.71236537329091,-5.01579820360075,1.19188350803251,-2.22835699340116,232,214,68.3615366519471,256,201,4,5,#E1ECF6,#EAF2F9,#E5EFF7,#FFFADC,#E9E4BC,American performs at a similar level against both good and bad teams.,American performs at a similar level regardless of the pace of the game.
213,Campbell,Campbell,-0.0942185377577993,-4.93115786270382,-5.02537640046162,-2.00937917122319,-18.2632099079721,151,283,65.9650555336,333,282,13,9,#FEFEFE,#C4DAEE,#E5EEF7,#F5FADE,#C4D1BF,Campbell performs at a similar level against both good and bad teams.,Campbell performs at a similar level regardless of the pace of the game.
214,Delaware,Delaware,-3.89453848971015,-1.14771550544516,-5.04225399515532,26.1424358357852,2.35973087797702,241,198,68.5129624690295,253,44,6,8,#DCE9F4,#F1F6FB,#E5EEF7,#FDA09B,#EFE4BA,Delaware plays a little better against good teams than bad teams. They are slightly better than expected against tough opposition but are slightly worse against weaker opponents.,Delaware performs at a similar level regardless of the pace of the game.
215,Radford,Radford,-3.29570126920611,-1.75327347277638,-5.0489747419825,-42.6388017965088,99.009900990099,231,215,65.5688910178,336,330,12,11,#E1ECF6,#EAF2F9,#E4EEF7,#628EBE,#FE926E,Radford plays a little worse against good teams than bad teams. They tend to play slightly better than expected against weaker opposition but are slightly worse against tougher opponents.,Radford plays better in faster paced games. They have stronger performances in games with more possessions but are worse in games with less possessions.
216,Albany,Albany,-2.62832390300632,-2.42138334572069,-5.04970724872701,21.5342039782656,39.1562166441917,219,232,69.9682948097302,172,301,7,9,#E7F0F8,#E2EDF6,#E4EEF7,#FFB1A7,#F5C49C,Albany plays a little better against good teams than bad teams. They are slightly better than expected against tough opposition but are slightly worse against weaker opponents.,Albany plays a little better in faster paced games. They have slightly stronger performances in games with more possessions but are a little worse in games with less possessions.
217,San Diego,San Diego,-5.79688482698301,0.701715763970952,-5.09516906301206,-18.3918621172093,18.8943914004359,277,150,71.670870755864,85,245,3,11,#CADEEF,#FFFAF4,#E4EEF7,#ABD1D5,#F1D6AC,San Diego plays a little worse against good teams than bad teams. They tend to play slightly better than expected against weaker opposition but are slightly worse against tougher opponents.,San Diego performs at a similar level regardless of the pace of the game.
218,Lafayette,Lafayette,0.324827138348432,-5.48819592383893,-5.1633687854905,20.1804613411441,9.06463369977817,142,294,70.2994835613731,148,136,9,5,#FFFDFB,#BED6EC,#E4EEF7,#FFB6AA,#F0DFB4,Lafayette plays a little better against good teams than bad teams. They are slightly better than expected against tough opposition but are slightly worse against weaker opponents.,Lafayette performs at a similar level regardless of the pace of the game.
219,UT Arlington,UT Arlington,-4.09925877320696,-1.09340870131197,-5.19266747451892,31.4723506228091,-10.7260903202933,246,194,71.5156771463847,94,200,10,13,#DAE8F4,#F2F7FB,#E4EEF7,#F68D8F,#D6DABE,UT Arlington plays a little better against good teams than bad teams. They are slightly better than expected against tough opposition but are slightly worse against weaker opponents.,UT Arlington performs at a similar level regardless of the pace of the game.
220,Hawaii,Hawaii,-2.38159706224713,-3.0375607134395,-5.41915777568663,11.8902600874235,7.02648238749109,211,246,68.351000717928,257,192,9,10,#E9F1F8,#DBE8F4,#E3EDF6,#FFD4C0,#F0E0B6,Hawaii performs at a similar level against both good and bad teams.,Hawaii performs at a similar level regardless of the pace of the game.
221,La Salle,La Salle,-2.66798178876728,-2.78567700241994,-5.45365879118722,43.6609246038269,12.8554738148428,220,240,70.3660675404389,143,16,8,16,#E7F0F8,#DEEAF5,#E2EDF6,#E56273,#F0DBB1,La Salle plays a little better against good teams than bad teams. They are slightly better than expected against tough opposition but are slightly worse against weaker opponents.,La Salle performs at a similar level regardless of the pace of the game.
222,Lipscomb,Lipscomb,-2.32150969798241,-3.29353138752399,-5.6150410855064,14.0133715312941,-24.0005993476384,209,255,68.5401273192871,250,165,11,12,#EAF2F8,#D8E6F3,#E2EDF6,#FFCCBA,#B7CAC0,Lipscomb performs at a similar level against both good and bad teams.,Lipscomb plays a little better in slower paced games. They have slightly stronger performances in games with less possessions but are a little worse in games with more possessions.
223,Illinois State,Illinois State,-4.50080296480326,-1.17545945985204,-5.6762624246553,-40.806553222765,6.98305504970395,253,201,70.7221571746247,124,302,6,18,#D6E5F3,#F1F6FA,#E1ECF6,#6793C0,#F0E0B6,Illinois State plays a little worse against good teams than bad teams. They tend to play slightly better than expected against weaker opposition but are slightly worse against tougher opponents.,Illinois State performs at a similar level regardless of the pace of the game.
224,Prairie View,Prairie View,-6.08012555786649,0.386189366530065,-5.69393619133642,-46.4957719081555,-29.4049706627252,284,156,70.3033016013063,146,179,16,5,#C8DDEF,#FFFCF8,#E1ECF6,#5883BA,#AAC4C1,Prairie View plays much worse against good teams than bad teams. They tend to have their best performances against weaker opponents but really struggle against stronger teams on their schedule.,Prairie View plays a little better in slower paced games. They have slightly stronger performances in games with less possessions but are a little worse in games with more possessions.
225,Niagara,Niagara,-1.40657314828298,-4.37900211499267,-5.78557526327565,5.27879455633458,-17.0062735725241,188,271,66.4285876435467,323,103,9,11,#F2F7FB,#CBDFF0,#E1ECF6,#FFEBD2,#C7D2BF,Niagara performs at a similar level against both good and bad teams.,Niagara performs at a similar level regardless of the pace of the game.
226,Southern Illinois,Southern Illinois,-4.72270655264228,-1.10260582941566,-5.82531238205794,25.4252170379934,-7.27109362044041,256,195,67.9023624793807,272,299,11,14,#D4E4F2,#F1F6FB,#E0ECF6,#FEA39C,#DEDEBD,Southern Illinois plays a little better against good teams than bad teams. They are slightly better than expected against tough opposition but are slightly worse against weaker opponents.,Southern Illinois performs at a similar level regardless of the pace of the game.
227,Missouri-Kansas City,Missouri-Kansas City,-5.59815593748734,-0.279898356718683,-5.87805429420602,-6.60333796309851,-15.757842299713,270,178,63.8299896153333,344,155,7,12,#CCDFF0,#FBFCFE,#E0ECF6,#E0EEDC,#CAD4BF,Missouri-Kansas City performs at a similar level against both good and bad teams.,Missouri-Kansas City performs at a similar level regardless of the pace of the game.
228,Army,Army,-5.58467724504584,-0.29844731678252,-5.88312456182836,23.5811411596137,11.7588779333097,269,179,70.8393610905855,116,335,10,9,#CCDFF0,#FBFCFD,#E0ECF6,#FFA9A1,#F0DCB2,Army plays a little better against good teams than bad teams. They are slightly better than expected against tough opposition but are slightly worse against weaker opponents.,Army performs at a similar level regardless of the pace of the game.
229,Bucknell,Bucknell,-3.72565735446229,-2.16159229020049,-5.88724964466278,-12.4562925715758,27.1477017097769,239,226,72.338100775824,59,246,4,6,#DDEAF5,#E5EFF7,#E0ECF6,#C6E0D8,#F3CFA6,Bucknell performs at a similar level against both good and bad teams.,Bucknell performs at a similar level regardless of the pace of the game.
230,Stony Brook,Stony Brook,-7.98423982849147,2.09584806783982,-5.88839176065165,10.4206342542163,-17.9369791998399,304,112,69.2244580312918,209,294,8,14,#B7D2EA,#FFF0DE,#E0ECF6,#FFD9C4,#C5D1BF,Stony Brook performs at a similar level against both good and bad teams.,Stony Brook performs at a similar level regardless of the pace of the game.
231,Western Carolina,Western Carolina,-0.697518784632056,-5.28916154037299,-5.98668032500505,27.5108187371175,32.7357596937785,166,288,71.5893195286352,89,225,9,16,#F8FBFD,#C0D8EC,#E0EBF6,#FB9B98,#F4CAA1,Western Carolina plays a little better against good teams than bad teams. They are slightly better than expected against tough opposition but are slightly worse against weaker opponents.,Western Carolina plays a little better in faster paced games. They have slightly stronger performances in games with more possessions but are a little worse in games with less possessions.
232,UMass Lowell,UMass Lowell,-2.18895869489805,-3.8762194129375,-6.06517810783555,20.7334228927331,-19.4494879012714,206,261,70.9813008333718,111,212,10,11,#EBF2F9,#D1E2F1,#DFEBF5,#FFB4A9,#C1CFBF,UMass Lowell plays a little better against good teams than bad teams. They are slightly better than expected against tough opposition but are slightly worse against weaker opponents.,UMass Lowell plays a little better in slower paced games. They have slightly stronger performances in games with less possessions but are a little worse in games with more possessions.
233,Tarleton State,Tarleton State,-4.04666206127132,-2.18678876238673,-6.23345082365805,-1.2833050960775,-2.75690896115148,243,227,66.4740382248427,321,257,5,10,#DAE8F4,#E5EFF7,#DEEBF5,#F9FBDF,#E8E3BC,Tarleton State performs at a similar level against both good and bad teams.,Tarleton State performs at a similar level regardless of the pace of the game.
234,Arkansas State,Arkansas State,-1.85436463432527,-4.39278469987386,-6.24714933419913,27.4674439578084,-6.37647929010475,197,272,68.9429621205145,224,41,8,13,#EEF4FA,#CBDEF0,#DEEBF5,#FB9C98,#E0DFBD,Arkansas State plays a little better against good teams than bad teams. They are slightly better than expected against tough opposition but are slightly worse against weaker opponents.,Arkansas State performs at a similar level regardless of the pace of the game.
235,George Washington,George Washington,-2.61328498928341,-3.70535239498159,-6.31863738426499,-34.2215784303316,45.2629651681188,218,260,70.122522821808,159,106,5,12,#E7F0F8,#D3E3F2,#DEEAF5,#78A6C6,#F6BF97,George Washington plays a little worse against good teams than bad teams. They tend to play slightly better than expected against weaker opposition but are slightly worse against tougher opponents.,George Washington plays a little better in faster paced games. They have slightly stronger performances in games with more possessions but are a little worse in games with less possessions.
236,UNC Wilmington,UNC Wilmington,-1.04301117967485,-5.30371331451734,-6.34672449419219,5.10313348332459,-17.2253099256627,178,289,70.4788607205746,135,277,6,10,#F5F9FC,#C0D8EC,#DEEAF5,#FFECD2,#C7D2BF,UNC Wilmington performs at a similar level against both good and bad teams.,UNC Wilmington performs at a similar level regardless of the pace of the game.
237,UC Davis,UC Davis,-4.74588309426594,-1.84805875426224,-6.59394184852818,2.41645753647938,-9.86788276049414,257,217,70.6235683789437,129,191,9,8,#D4E4F2,#E9F1F8,#DDE9F5,#FFF6D9,#D8DBBD,UC Davis performs at a similar level against both good and bad teams.,UC Davis performs at a similar level regardless of the pace of the game.
238,Portland State,Portland State,-3.85972410816115,-2.75941418225211,-6.61913829041326,1.69093128911179,-30.8821646180675,240,238,67.592006220584,285,214,6,12,#DCE9F4,#DEEAF5,#DCE9F5,#FFF8DB,#A7C2C2,Portland State performs at a similar level against both good and bad teams.,Portland State plays a little better in slower paced games. They have slightly stronger performances in games with less possessions but are a little worse in games with more possessions.
239,Evansville,Evansville,1.08373189084516,-7.79141594919566,-6.70768405835051,35.9249192066286,-18.7578978330879,127,317,63.9280603606667,343,14,9,16,#FFF9F2,#A3C6E4,#DCE9F5,#F07D84,#C3D0BF,Evansville plays a little better against good teams than bad teams. They are slightly better than expected against tough opposition but are slightly worse against weaker opponents.,Evansville plays a little better in slower paced games. They have slightly stronger performances in games with less possessions but are a little worse in games with more possessions.
240,Mount St. Mary's,Mount St. Mary's,-6.29295709229228,-0.428571948541391,-6.72152904083367,3.67094712509989,42.5117284561618,289,184,63.538301356,345,96,10,11,#C6DCEE,#F9FBFD,#DCE9F4,#FFF1D6,#F5C199,Mount St. Mary's performs at a similar level against both good and bad teams.,Mount St. Mary's plays a little better in faster paced games. They have slightly stronger performances in games with more possessions but are a little worse in games with less possessions.
241,Seattle,Seattle,-5.30630612151452,-1.42886995844906,-6.73517607996358,-31.1793165815699,24.113040533145,263,208,71.1167372192426,106,88,8,11,#CFE1F1,#EEF4FA,#DCE9F4,#7FAFCA,#F2D1A8,Seattle plays a little worse against good teams than bad teams. They tend to play slightly better than expected against weaker opposition but are slightly worse against tougher opponents.,Seattle performs at a similar level regardless of the pace of the game.
242,Long Island,Long Island,-5.65238842273251,-1.13349397751213,-6.78588240024464,25.687792391416,58.494577736757,274,196,74.459716338,11,296,9,9,#CCDFF0,#F1F6FB,#DCE9F4,#FEA29C,#F8B38C,Long Island plays a little better against good teams than bad teams. They are slightly better than expected against tough opposition but are slightly worse against weaker opponents.,Long Island plays a little better in faster paced games. They have slightly stronger performances in games with more possessions but are a little worse in games with less possessions.
243,Boston University,Boston University,-1.86542508650886,-5.46412545303372,-7.32955053954258,-7.52845250898273,10.6191526552186,198,293,68.2022720133754,261,344,7,10,#EEF4FA,#BED7EC,#D9E7F4,#DCECDB,#F0DDB3,Boston University performs at a similar level against both good and bad teams.,Boston University performs at a similar level regardless of the pace of the game.
244,Youngstown State,Youngstown State,-0.914514940410914,-6.45119126265125,-7.36570620306217,-1.4977556096473,-4.86084733420634,173,302,69.3666869227323,202,139,11,11,#F6F9FC,#B2CFE8,#D9E7F4,#F8FBDF,#E3E1BC,Youngstown State performs at a similar level against both good and bad teams.,Youngstown State performs at a similar level regardless of the pace of the game.
245,The Citadel,The Citadel,0.265173256544011,-7.66698143840762,-7.40180818186361,-4.81329378312801,32.0246152458925,144,315,74.4277120953333,12,32,9,12,#FFFDFB,#A4C7E4,#D8E7F3,#E9F3DD,#F3CAA2,The Citadel performs at a similar level against both good and bad teams.,The Citadel performs at a similar level regardless of the pace of the game.
246,Montana State,Montana State,-4.0968724923196,-3.33637741911401,-7.43324991143362,24.7002811101429,-12.953198011229,244,256,70.2902414853313,149,258,11,10,#DAE8F4,#D7E6F3,#D8E7F3,#FFA59E,#D0D7BE,Montana State plays a little better against good teams than bad teams. They are slightly better than expected against tough opposition but are slightly worse against weaker opponents.,Montana State performs at a similar level regardless of the pace of the game.
247,Stetson,Stetson,-2.83275764327762,-4.77649022415986,-7.60924786743748,-9.7264520876156,-22.6993842826814,223,279,69.3194905822761,204,102,10,14,#E5EFF7,#C6DCEE,#D7E6F3,#D2E6DA,#BACCC0,Stetson performs at a similar level against both good and bad teams.,Stetson plays a little better in slower paced games. They have slightly stronger performances in games with less possessions but are a little worse in games with more possessions.
248,Georgia Southern,Georgia Southern,-6.83391933315565,-0.780737421595149,-7.6146567547508,1.31686346120038,-14.5464978282668,293,187,68.572225812028,249,198,9,13,#C1D9ED,#F5F9FC,#D7E6F3,#FFFADC,#CDD5BE,Georgia Southern performs at a similar level against both good and bad teams.,Georgia Southern performs at a similar level regardless of the pace of the game.
249,Southern Mississippi,Southern Mississippi,-8.35517409131092,0.708971071671714,-7.6462030196392,1.85821010973979,23.6379447181004,312,148,68.904407519938,225,153,6,17,#B3D0E9,#FFFAF3,#D7E6F3,#FFF8DB,#F2D2A8,Southern Mississippi performs at a similar level against both good and bad teams.,Southern Mississippi performs at a similar level regardless of the pace of the game.
250,Texas-Rio Grande Valley,Texas-Rio Grande Valley,-8.60263524185101,0.755745087927372,-7.84689015392364,-14.7111049289032,78.6532763828739,315,146,72.1293742916347,70,166,5,10,#B1CFE8,#FFF9F3,#D6E5F3,#BCDAD7,#FBA27C,Texas-Rio Grande Valley plays a little worse against good teams than bad teams. They tend to play slightly better than expected against weaker opposition but are slightly worse against tougher opponents.,Texas-Rio Grande Valley plays better in faster paced games. They have stronger performances in games with more possessions but are worse in games with less possessions.
251,Milwaukee,Milwaukee,-2.51188237364394,-5.36321759030028,-7.87509996394422,30.495638409031,-2.13677888764968,215,290,70.727728124494,123,340,8,12,#E8F1F8,#BFD7EC,#D6E5F3,#F79191,#EAE4BC,Milwaukee plays a little better against good teams than bad teams. They are slightly better than expected against tough opposition but are slightly worse against weaker opponents.,Milwaukee performs at a similar level regardless of the pace of the game.
252,Marist,Marist,-8.92535473827324,0.839121790992291,-8.08623294728095,7.00066845128773,5.26167452330259,320,142,68.034079337218,267,231,12,9,#AECDE7,#FFF9F1,#D5E5F2,#FFE5CD,#EFE2B7,Marist performs at a similar level against both good and bad teams.,Marist performs at a similar level regardless of the pace of the game.
253,North Alabama,North Alabama,-6.00581285372724,-2.11463880045471,-8.12045165418195,-21.0187048867027,27.6102853780324,281,223,71.745884936402,83,81,9,11,#C9DDEF,#E6EFF7,#D5E5F2,#9FCAD3,#F3CEA5,North Alabama plays a little worse against good teams than bad teams. They tend to play slightly better than expected against weaker opposition but are slightly worse against tougher opponents.,North Alabama performs at a similar level regardless of the pace of the game.
254,Long Beach State,Long Beach State,-6.05595000154943,-2.1203229303124,-8.17627293186183,-3.84369294353166,-13.3249183181261,282,225,75.421482154,4,123,6,12,#C8DDEF,#E5EFF7,#D4E4F2,#EDF5DD,#D0D7BE,Long Beach State performs at a similar level against both good and bad teams.,Long Beach State performs at a similar level regardless of the pace of the game.
255,Oakland,Oakland,-0.590180843864421,-7.60650094963401,-8.19668179349843,-18.3308499393454,-44.6769180778286,165,313,71.4039331480407,98,150,11,18,#F9FBFD,#A5C7E5,#D4E4F2,#ABD1D5,#87B1C4,Oakland plays a little worse against good teams than bad teams. They tend to play slightly better than expected against weaker opposition but are slightly worse against tougher opponents.,Oakland plays better in slower paced games. They have stronger performances in games with less possessions but are worse in games with more possessions.
256,Green Bay,Green Bay,-0.396832630727575,-7.80855267690136,-8.20538530762894,-13.3136810227191,-10.4448334718248,161,319,68.250586976984,259,134,8,16,#FBFCFD,#A2C5E4,#D4E4F2,#C2DDD8,#D6DABE,Green Bay performs at a similar level against both good and bad teams.,Green Bay performs at a similar level regardless of the pace of the game.
257,California Baptist,California Baptist,-0.117043537726512,-8.19006008044552,-8.30710361817203,58.6486315021497,-26.1181250578043,152,323,71.5779253501833,90,104,9,10,#FDFEFE,#9EC3E3,#D4E4F2,#C33155,#B2C8C1,California Baptist plays much better against good teams than bad teams. They compete at a higher level against tough opposition but struggle against weaker opponents.,California Baptist plays a little better in slower paced games. They have slightly stronger performances in games with less possessions but are a little worse in games with more possessions.
258,New Hampshire,New Hampshire,-5.73620781023813,-2.58317076303277,-8.31937857327091,26.3824355966553,-3.51748066767443,275,235,67.919197118702,270,293,9,9,#CBDFF0,#E0ECF6,#D4E4F2,#FD9F9A,#E6E2BC,New Hampshire plays a little better against good teams than bad teams. They are slightly better than expected against tough opposition but are slightly worse against weaker opponents.,New Hampshire performs at a similar level regardless of the pace of the game.
259,Jackson State,Jackson State,-11.431774816533,3.08605137934538,-8.34572343718758,-49.4117768612132,8.13839277498618,335,93,70.58877758125,131,69,11,6,#98BFE1,#FFE9CE,#D3E4F2,#4F7BB6,#F0DFB5,Jackson State plays much worse against good teams than bad teams. They tend to have their best performances against weaker opponents but really struggle against stronger teams on their schedule.,Jackson State performs at a similar level regardless of the pace of the game.
260,New Orleans,New Orleans,-3.53800682009062,-4.9029342469403,-8.44094106703092,-38.1498920337903,-1.1452519994472,237,282,73.7234424435333,20,21,9,15,#DFEBF5,#C5DBEE,#D3E4F2,#6E9BC2,#ECE5BC,New Orleans plays a little worse against good teams than bad teams. They tend to play slightly better than expected against weaker opposition but are slightly worse against tougher opponents.,New Orleans performs at a similar level regardless of the pace of the game.
261,Sacramento State,Sacramento State,-2.43069825426607,-6.03314610086923,-8.4638443551353,-9.77085780590995,6.19270934366782,213,298,67.3133720578347,301,80,6,12,#E9F1F8,#B7D2EA,#D3E4F2,#D2E6DA,#EFE1B7,Sacramento State performs at a similar level against both good and bad teams.,Sacramento State performs at a similar level regardless of the pace of the game.
262,Florida Gulf Coast,Florida Gulf Coast,-8.05429598412107,-0.423422875139699,-8.47771885926077,41.6044833285321,-1.71302018885666,307,183,72.4862629222107,54,126,8,8,#B6D2EA,#FAFBFD,#D3E3F2,#E86977,#EBE4BC,Florida Gulf Coast plays a little better against good teams than bad teams. They are slightly better than expected against tough opposition but are slightly worse against weaker opponents.,Florida Gulf Coast performs at a similar level regardless of the pace of the game.
263,Southern,Southern,-7.36091921186854,-1.17200634550878,-8.53292555737732,-44.7911447453994,13.5327895101822,299,200,71.5750745668545,91,31,8,11,#BCD6EB,#F1F6FB,#D3E3F2,#5C88BB,#F1DBB1,Southern plays much worse against good teams than bad teams. They tend to have their best performances against weaker opponents but really struggle against stronger teams on their schedule.,Southern performs at a similar level regardless of the pace of the game.
264,Merrimack,Merrimack,-9.24679095703092,0.315455113362207,-8.93133584366871,-11.0286383383029,-9.24900900422654,323,158,67.8147659327387,275,280,9,9,#ABCBE6,#FFFCFA,#D0E2F1,#CCE3D9,#D9DCBD,Merrimack performs at a similar level against both good and bad teams.,Merrimack performs at a similar level regardless of the pace of the game.
265,Longwood,Longwood,-6.94675853384861,-2.07780761060168,-9.02456614445029,-1.27213989498416,7.65211219480922,294,222,67.756667340396,280,18,11,15,#C0D8EC,#E6EFF7,#D0E2F1,#F9FBDF,#F0E0B5,Longwood performs at a similar level against both good and bad teams.,Longwood performs at a similar level regardless of the pace of the game.
266,Southeast Missouri State,Southeast Missouri State,-5.95057277756837,-3.10617330329712,-9.05674608086549,8.90770981003658,31.0339638738482,279,249,69.5797976948895,193,130,10,16,#C9DDEF,#DAE8F4,#D0E2F1,#FFDEC8,#F3CBA3,Southeast Missouri State performs at a similar level against both good and bad teams.,Southeast Missouri State performs at a similar level regardless of the pace of the game.
267,Quinnipiac,Quinnipiac,-8.69829203591418,-0.551605423845949,-9.24989745976013,-13.2385741927752,20.5908651059788,316,186,72.1406758928107,68,64,9,13,#B0CEE8,#F8FAFD,#CFE1F1,#C2DED8,#F2D4AB,Quinnipiac performs at a similar level against both good and bad teams.,Quinnipiac performs at a similar level regardless of the pace of the game.
268,William & Mary,William & Mary,-5.28640466092782,-3.96985836832853,-9.25626302925636,-24.0842248834141,97.6864785195034,261,264,69.284560729671,207,321,7,10,#CFE1F1,#D0E2F1,#CFE1F1,#92C3D1,#FE926E,William & Mary plays a little worse against good teams than bad teams. They tend to play slightly better than expected against weaker opposition but are slightly worse against tougher opponents.,William & Mary plays better in faster paced games. They have stronger performances in games with more possessions but are worse in games with less possessions.
269,Fairfield,Fairfield,-6.17388595467916,-3.09665038617847,-9.27053634085763,-1.13380424360531,-2.33082962153779,285,248,66.0368753806667,329,151,10,17,#C7DCEE,#DAE8F4,#CFE1F1,#F9FCDF,#E9E4BC,Fairfield performs at a similar level against both good and bad teams.,Fairfield performs at a similar level regardless of the pace of the game.
270,Fairleigh Dickinson,Fairleigh Dickinson,-0.36528112721292,-8.92924347914446,-9.29452460635738,43.4793931237229,21.4701291225929,159,333,71.9208216485218,77,331,9,15,#FBFCFE,#95BDE0,#CFE1F1,#E56273,#F2D4AA,Fairleigh Dickinson plays a little better against good teams than bad teams. They are slightly better than expected against tough opposition but are slightly worse against weaker opponents.,Fairleigh Dickinson performs at a similar level regardless of the pace of the game.
271,IUPUI,IUPUI,-4.46605221330386,-4.87065614454397,-9.33670835784783,-24.0093737262631,-35.7723201510585,251,281,72.6621655363533,46,267,8,9,#D6E6F3,#C5DBEE,#CEE1F1,#92C3D1,#9CBCC3,IUPUI plays a little worse against good teams than bad teams. They tend to play slightly better than expected against weaker opposition but are slightly worse against tougher opponents.,IUPUI plays a little better in slower paced games. They have slightly stronger performances in games with less possessions but are a little worse in games with more possessions.
272,Samford,Samford,-5.46182904554289,-3.92735148113377,-9.38918052667665,40.5234546422961,-3.82534729619222,266,263,73.6615508096667,24,263,4,13,#CDE0F0,#D0E2F1,#CEE1F1,#E96D7A,#E6E2BC,Samford plays a little better against good teams than bad teams. They are slightly better than expected against tough opposition but are slightly worse against weaker opponents.,Samford performs at a similar level regardless of the pace of the game.
273,North Carolina A&T,North Carolina A&T,-7.18756705525069,-2.35856605194897,-9.54613310719966,-93.8033783783485,-43.4412262872423,296,231,73.3302807529333,30,145,9,10,#BED7EC,#E3EDF6,#CDE0F0,#00429D,#8AB3C4,North Carolina A&T plays much worse against good teams than bad teams. They tend to have their best performances against weaker opponents but really struggle against stronger teams on their schedule.,North Carolina A&T plays better in slower paced games. They have stronger performances in games with less possessions but are worse in games with more possessions.
274,Towson,Towson,-2.00435746498159,-7.57160482753809,-9.57596229251969,17.0751486149728,34.2286800007631,202,312,67.4747524846327,292,121,4,14,#ECF3F9,#A5C7E5,#CDE0F0,#FFC1B2,#F4C8A0,Towson plays a little better against good teams than bad teams. They are slightly better than expected against tough opposition but are slightly worse against weaker opponents.,Towson plays a little better in faster paced games. They have slightly stronger performances in games with more possessions but are a little worse in games with less possessions.
275,Idaho State,Idaho State,-8.00017411803705,-1.70328036423767,-9.70345448227472,6.58002056108764,-14.8013734927499,306,213,67.0608788299667,309,254,8,11,#B7D2EA,#EAF2F9,#CCE0F0,#FFE7CE,#CCD5BE,Idaho State performs at a similar level against both good and bad teams.,Idaho State performs at a similar level regardless of the pace of the game.
276,Saint Francis (NY),Saint Francis (NY),-1.22520698374218,-8.51894097327102,-9.7441479570132,26.0181877021371,-42.2295696268026,182,328,73.2278569973,32,186,9,10,#F3F8FB,#9AC0E1,#CCDFF0,#FDA19B,#8DB4C4,Saint Francis (NY) plays a little better against good teams than bad teams. They are slightly better than expected against tough opposition but are slightly worse against weaker opponents.,Saint Francis (NY) plays better in slower paced games. They have stronger performances in games with less possessions but are worse in games with more possessions.
277,New Mexico,New Mexico,-8.41313295565829,-1.44047449409193,-9.85360744975022,-31.2555780380814,-14.4412021463383,314,209,69.6582236800179,187,222,4,16,#B3D0E9,#EDF4FA,#CCDFF0,#7FAECA,#CDD5BE,New Mexico plays a little worse against good teams than bad teams. They tend to play slightly better than expected against weaker opposition but are slightly worse against tougher opponents.,New Mexico performs at a similar level regardless of the pace of the game.
278,NJIT,NJIT,-6.7186889531779,-3.23900927660479,-9.95769822978269,60.9908989972163,22.6321613595421,292,252,69.5648346510354,194,329,7,12,#C2D9ED,#D8E7F3,#CBDFF0,#BC2A51,#F2D3A9,NJIT plays much better against good teams than bad teams. They compete at a higher level against tough opposition but struggle against weaker opponents.,NJIT performs at a similar level regardless of the pace of the game.
279,North Florida,North Florida,-0.51645808089543,-9.46631000126685,-9.98276808216228,-12.2633056479444,-3.10201410428741,164,340,68.6492789352637,243,93,7,14,#FAFCFD,#8FB9DE,#CBDFF0,#C7E0D8,#E7E3BC,North Florida performs at a similar level against both good and bad teams.,North Florida performs at a similar level regardless of the pace of the game.
280,Troy,Troy,-7.99541874490533,-1.99200215476474,-9.98742089967007,-11.2657534062421,28.1527183992311,305,221,70.0426630186735,168,119,8,17,#B7D2EA,#E7F0F8,#CBDFF0,#CBE3D9,#F3CEA5,Troy performs at a similar level against both good and bad teams.,Troy performs at a similar level regardless of the pace of the game.
281,Cal State Fullerton,Cal State Fullerton,-2.27963952342817,-7.80676218859305,-10.0864017120212,57.3451870892493,-4.81880164894212,208,318,72.652254787444,47,221,5,10,#EAF2F9,#A2C6E4,#CBDEEF,#C63558,#E3E1BC,Cal State Fullerton plays much better against good teams than bad teams. They compete at a higher level against tough opposition but struggle against weaker opponents.,Cal State Fullerton performs at a similar level regardless of the pace of the game.
282,Florida International,Florida International,-4.37195215642986,-5.79672233414124,-10.1686744905711,-20.4355533554969,-40.2906889037028,249,297,72.5024301381867,53,185,5,17,#D7E6F3,#BAD4EB,#CADEEF,#A2CCD3,#91B7C4,Florida International plays a little worse against good teams than bad teams. They tend to play slightly better than expected against weaker opposition but are slightly worse against tougher opponents.,Florida International plays better in slower paced games. They have stronger performances in games with less possessions but are worse in games with more possessions.
283,Lamar,Lamar,-7.18834621211679,-3.02029641209842,-10.2086426242152,-27.3325693511164,-50.637678365527,297,245,69.6145403689261,189,61,10,18,#BED7EC,#DBE8F4,#CADEEF,#89B9CE,#79AAC6,Lamar plays a little worse against good teams than bad teams. They tend to play slightly better than expected against weaker opposition but are slightly worse against tougher opponents.,Lamar plays better in slower paced games. They have stronger performances in games with less possessions but are worse in games with more possessions.
284,Illinois-Chicago,Illinois-Chicago,-8.15938353771658,-2.11535639008666,-10.2747399278032,24.8837840981242,-9.79491030840499,309,224,69.7547653013031,185,36,9,13,#B5D1E9,#E6EFF7,#CADEEF,#FFA59E,#D8DBBD,Illinois-Chicago plays a little better against good teams than bad teams. They are slightly better than expected against tough opposition but are slightly worse against weaker opponents.,Illinois-Chicago performs at a similar level regardless of the pace of the game.
285,High Point,High Point,-5.30467724876192,-4.97125072553865,-10.2759279743006,47.0281608792164,34.6547464255308,262,284,67.556370134242,290,204,8,14,#CFE1F1,#C4DAEE,#CADEEF,#E0566B,#F4C8A0,High Point plays much better against good teams than bad teams. They compete at a higher level against tough opposition but struggle against weaker opponents.,High Point plays a little better in faster paced games. They have slightly stronger performances in games with more possessions but are a little worse in games with less possessions.
286,UC San Diego,UC San Diego,-2.09031033351301,-8.2661389824109,-10.3564493159239,-6.33879421407928,28.1022655553464,203,326,70.7012445227143,125,48,4,10,#ECF3F9,#9DC2E2,#C9DDEF,#E2EFDC,#F3CEA5,UC San Diego performs at a similar level against both good and bad teams.,UC San Diego performs at a similar level regardless of the pace of the game.
287,Omaha,Omaha,-5.61473081108586,-4.78552813778929,-10.4002589488752,-9.54739211410728,10.9499812170705,272,280,72.5279310520267,50,227,5,20,#CCDFF0,#C6DCEE,#C9DDEF,#D3E7DA,#F0DDB3,Omaha performs at a similar level against both good and bad teams.,Omaha performs at a similar level regardless of the pace of the game.
288,Manhattan,Manhattan,-10.3525073078688,-0.108911374596714,-10.4614186824655,38.668344575913,-12.4865520316074,330,170,69.4257593444355,199,311,7,13,#A1C5E4,#FDFEFE,#C9DDEF,#EC747E,#D2D8BE,Manhattan plays a little better against good teams than bad teams. They are slightly better than expected against tough opposition but are slightly worse against weaker opponents.,Manhattan performs at a similar level regardless of the pace of the game.
289,Louisiana-Monroe,Louisiana-Monroe,-7.66228299995289,-2.85615160571921,-10.5184346056721,44.8838722947264,-11.1331053870313,302,243,68.525987302548,252,178,7,19,#BAD4EB,#DDEAF5,#C8DDEF,#E35D70,#D5D9BE,Louisiana-Monroe plays a little better against good teams than bad teams. They are slightly better than expected against tough opposition but are slightly worse against weaker opponents.,Louisiana-Monroe performs at a similar level regardless of the pace of the game.
290,Saint Francis (PA),Saint Francis (PA),-5.60674866550349,-4.97817474170908,-10.5849234072126,42.7041671617179,61.3091670569788,271,285,70.2763771411441,150,240,6,16,#CCDFF0,#C4DAEE,#C8DDEF,#E66575,#F8B18A,Saint Francis (PA) plays a little better against good teams than bad teams. They are slightly better than expected against tough opposition but are slightly worse against weaker opponents.,Saint Francis (PA) plays a little better in faster paced games. They have slightly stronger performances in games with more possessions but are a little worse in games with less possessions.
291,Jacksonville,Jacksonville,-8.33186542457183,-2.25536616001402,-10.5872315845859,-3.72258291324134,-23.4063474083415,311,229,70.1948362141913,154,20,9,13,#B4D0E9,#E4EEF7,#C8DDEF,#EEF5DD,#B8CBC0,Jacksonville performs at a similar level against both good and bad teams.,Jacksonville plays a little better in slower paced games. They have slightly stronger performances in games with less possessions but are a little worse in games with more possessions.
292,Sacred Heart,Sacred Heart,-2.86040962530031,-7.82766600473747,-10.6880756300378,-2.50659062821599,22.9531789452122,224,320,68.8638689085398,230,223,9,8,#E5EFF7,#A2C5E4,#C7DCEF,#F3F8DE,#F2D2A9,Sacred Heart performs at a similar level against both good and bad teams.,Sacred Heart performs at a similar level regardless of the pace of the game.
293,Florida A&M,Florida A&M,-11.8074825541216,1.02981774678485,-10.7776648073367,53.7233949255703,-22.3031989799286,338,138,70.3843214006498,139,138,8,12,#94BDE0,#FFF7EE,#C7DCEE,#D1405E,#BBCCC0,Florida A&M plays much better against good teams than bad teams. They compete at a higher level against tough opposition but struggle against weaker opponents.,Florida A&M plays a little better in slower paced games. They have slightly stronger performances in games with less possessions but are a little worse in games with more possessions.
294,Eastern Illinois,Eastern Illinois,-6.2853462552329,-4.59066918207514,-10.876015437308,73.725552884555,9.91989887950935,288,275,71.1857862948053,105,308,9,18,#C6DCEE,#C8DDEF,#C6DCEE,#96033B,#F0DEB4,Eastern Illinois plays much better against good teams than bad teams. They compete at a higher level against tough opposition but struggle against weaker opponents.,Eastern Illinois performs at a similar level regardless of the pace of the game.
295,Middle Tennessee,Middle Tennessee,-9.09356127922405,-1.84903139192667,-10.9425926711507,21.2636577074384,-8.81603801657523,322,218,70.7788875580057,118,55,4,18,#ADCCE7,#E9F1F8,#C6DCEE,#FFB2A7,#DADCBD,Middle Tennessee plays a little better against good teams than bad teams. They are slightly better than expected against tough opposition but are slightly worse against weaker opponents.,Middle Tennessee performs at a similar level regardless of the pace of the game.
296,Holy Cross,Holy Cross,-4.83921276874321,-6.17207630701226,-11.0112890757555,8.13822945686517,-8.02284603608111,258,299,70.3779530004383,142,230,5,11,#D3E4F2,#B6D1E9,#C6DBEE,#FFE1CA,#DCDDBD,Holy Cross performs at a similar level against both good and bad teams.,Holy Cross performs at a similar level regardless of the pace of the game.
297,North Dakota,North Dakota,-5.62971290989419,-5.41791736533556,-11.0476302752297,41.016820857036,-9.37943736246328,273,292,69.9123960242633,177,142,9,17,#CCDFF0,#BFD7EC,#C6DBEE,#E96B79,#D9DBBD,North Dakota plays a little better against good teams than bad teams. They are slightly better than expected against tough opposition but are slightly worse against weaker opponents.,North Dakota performs at a similar level regardless of the pace of the game.
298,Fort Wayne,Fort Wayne,-3.39267950773121,-7.84419678813966,-11.2368762958709,15.8236831497429,69.2997083335301,234,322,70.8551265183778,115,131,7,14,#E0ECF6,#A2C5E4,#C5DBEE,#FFC5B6,#F9AA84,Fort Wayne plays a little better against good teams than bad teams. They are slightly better than expected against tough opposition but are slightly worse against weaker opponents.,Fort Wayne plays better in faster paced games. They have stronger performances in games with more possessions but are worse in games with less possessions.
299,Cal State Northridge,Cal State Northridge,-2.18995833848314,-9.07873959401652,-11.2686979324997,8.78415367674579,-4.74574003219049,207,335,71.5926382523293,88,215,8,13,#EBF2F9,#93BCE0,#C4DBEE,#FFDFC8,#E3E1BC,Cal State Northridge performs at a similar level against both good and bad teams.,Cal State Northridge performs at a similar level regardless of the pace of the game.
300,Coppin State,Coppin State,-10.9407005668025,-0.372856070041653,-11.3135566368441,-2.48819846254488,53.7040560165183,331,182,77.5475746346667,1,232,9,13,#9CC2E2,#FAFCFD,#C4DAEE,#F3F8DE,#F7B790,Coppin State performs at a similar level against both good and bad teams.,Coppin State plays a little better in faster paced games. They have slightly stronger performances in games with more possessions but are a little worse in games with less possessions.
301,Robert Morris,Robert Morris,-4.41517980811357,-6.96581010893379,-11.3809899170474,6.15839984652666,32.6972975084428,250,306,69.0796032850147,216,183,3,14,#D7E6F3,#ACCCE7,#C4DAEE,#FFE8CF,#F4CAA1,Robert Morris performs at a similar level against both good and bad teams.,Robert Morris plays a little better in faster paced games. They have slightly stronger performances in games with more possessions but are a little worse in games with less possessions.
302,Western Michigan,Western Michigan,-8.81421321005996,-2.81088426498225,-11.6250974750422,-35.1856572803776,-35.7251634046297,319,241,68.8209276321447,231,110,4,16,#AFCEE8,#DDEAF5,#C3D9ED,#75A3C5,#9CBCC3,Western Michigan plays a little worse against good teams than bad teams. They tend to play slightly better than expected against weaker opposition but are slightly worse against tougher opponents.,Western Michigan plays a little better in slower paced games. They have slightly stronger performances in games with less possessions but are a little worse in games with more possessions.
303,Grambling,Grambling,-8.93694150699747,-2.78302441344083,-11.7199659204383,48.1083251450673,12.8537088672307,321,239,71.0289650607917,109,303,11,12,#AECDE7,#DEEAF5,#C2D9ED,#DF5269,#F0DBB1,Grambling plays much better against good teams than bad teams. They compete at a higher level against tough opposition but struggle against weaker opponents.,Grambling performs at a similar level regardless of the pace of the game.
304,Western Illinois,Western Illinois,-6.529956168132,-5.39512739997223,-11.9250835681042,-35.3996484505065,-20.5016772878441,290,291,73.6464154091267,25,314,6,15,#C4DAEE,#BFD7EC,#C1D8ED,#75A3C5,#BFCEC0,Western Illinois plays a little worse against good teams than bad teams. They tend to play slightly better than expected against weaker opposition but are slightly worse against tougher opponents.,Western Illinois plays a little better in slower paced games. They have slightly stronger performances in games with less possessions but are a little worse in games with more possessions.
305,Northwestern State,Northwestern State,-4.12223802771863,-7.84090695228924,-11.9631449800079,4.68708055043278,-29.5434783832125,247,321,72.0469476007428,73,184,10,17,#D9E8F4,#A2C5E4,#C1D8ED,#FFEED3,#AAC3C1,Northwestern State performs at a similar level against both good and bad teams.,Northwestern State plays a little better in slower paced games. They have slightly stronger performances in games with less possessions but are a little worse in games with more possessions.
306,Eastern Michigan,Eastern Michigan,-5.40545680848445,-6.81990271197952,-12.225359520464,-12.0912367355348,-29.0555591801863,265,304,69.5598569714564,195,38,3,12,#CEE0F0,#AECDE7,#BFD8EC,#C8E0D8,#ABC4C1,Eastern Michigan performs at a similar level against both good and bad teams.,Eastern Michigan plays a little better in slower paced games. They have slightly stronger performances in games with less possessions but are a little worse in games with more possessions.
307,Tennessee Tech,Tennessee Tech,-5.96632811084364,-6.40643900835047,-12.3727671191941,-10.2219842528864,-20.8450496262095,280,301,70.3887211872695,137,65,5,22,#C9DDEF,#B3D0E9,#BFD7EC,#D0E5D9,#BECEC0,Tennessee Tech performs at a similar level against both good and bad teams.,Tennessee Tech plays a little better in slower paced games. They have slightly stronger performances in games with less possessions but are a little worse in games with more possessions.
308,Binghamton,Binghamton,-4.88392314160185,-7.5028506748518,-12.3867738164537,-17.7814131095212,11.6756059246012,260,311,67.8506045527593,273,346,4,13,#D3E3F2,#A6C8E5,#BFD7EC,#AED2D5,#F0DCB2,Binghamton plays a little worse against good teams than bad teams. They tend to play slightly better than expected against weaker opposition but are slightly worse against tougher opponents.,Binghamton performs at a similar level regardless of the pace of the game.
309,Lehigh,Lehigh,-7.06355627197495,-5.56837697504957,-12.6319332470245,12.5555978459261,13.5045836553956,295,295,70.7496625650813,121,312,4,11,#BFD7EC,#BDD6EC,#BDD6EC,#FFD1BE,#F1DBB1,Lehigh performs at a similar level against both good and bad teams.,Lehigh performs at a similar level regardless of the pace of the game.
310,Tennessee State,Tennessee State,-9.72260775272864,-3.14938029832413,-12.8719880510528,10.5957967788587,-20.812029023989,327,250,72.136309994494,69,189,3,19,#A7C8E5,#D9E8F4,#BCD5EB,#FFD8C3,#BECEC0,Tennessee State performs at a similar level against both good and bad teams.,Tennessee State plays a little better in slower paced games. They have slightly stronger performances in games with less possessions but are a little worse in games with more possessions.
311,SIU Edwardsville,SIU Edwardsville,-8.19862650082411,-4.69260307057489,-12.891229571399,-89.9703900766868,4.86940313330939,310,276,70.0282600237461,170,336,8,17,#B5D1E9,#C7DCEE,#BCD5EB,#00429D,#EFE2B8,SIU Edwardsville plays much worse against good teams than bad teams. They tend to have their best performances against weaker opponents but really struggle against stronger teams on their schedule.,SIU Edwardsville performs at a similar level regardless of the pace of the game.
312,Central Michigan,Central Michigan,-4.85526092847499,-8.25907472101586,-13.1143356494908,38.7632829897911,-12.598697843479,259,325,73.8976725112,18,341,5,15,#D3E4F2,#9DC2E2,#BBD5EB,#EC737E,#D1D8BE,Central Michigan plays a little better against good teams than bad teams. They are slightly better than expected against tough opposition but are slightly worse against weaker opponents.,Central Michigan performs at a similar level regardless of the pace of the game.
313,Rider,Rider,-4.09836851436085,-9.12668866385216,-13.225057178213,32.2832233117565,-12.7302422764803,245,337,69.2432687122465,208,248,6,17,#DAE8F4,#93BCDF,#BAD4EB,#F58A8D,#D1D7BE,Rider plays a little better against good teams than bad teams. They are slightly better than expected against tough opposition but are slightly worse against weaker opponents.,Rider performs at a similar level regardless of the pace of the game.
314,McNeese State,McNeese State,-4.59055845018323,-8.70833952815344,-13.2988979783367,1.52102995701402,45.0023072330997,255,329,70.7455003607204,122,202,4,14,#D5E5F3,#98BFE1,#BAD4EB,#FFF9DB,#F5BF97,McNeese State performs at a similar level against both good and bad teams.,McNeese State plays a little better in faster paced games. They have slightly stronger performances in games with more possessions but are a little worse in games with less possessions.
315,South Carolina Upstate,South Carolina Upstate,-5.82262262040346,-7.65067635561263,-13.4732989760161,12.6871140185793,-29.2050643214801,278,314,69.779424471352,184,228,5,16,#CADEEF,#A4C7E4,#B9D4EA,#FFD1BE,#ABC4C1,South Carolina Upstate performs at a similar level against both good and bad teams.,South Carolina Upstate plays a little better in slower paced games. They have slightly stronger performances in games with less possessions but are a little worse in games with more possessions.
316,Hampton,Hampton,-6.68312245632329,-6.98962489890725,-13.6727473552305,23.763536194734,51.621843580672,291,307,72.51264495284,52,345,11,13,#C2D9ED,#ACCBE7,#B8D3EA,#FFA9A1,#F6B992,Hampton plays a little better against good teams than bad teams. They are slightly better than expected against tough opposition but are slightly worse against weaker opponents.,Hampton plays a little better in faster paced games. They have slightly stronger performances in games with more possessions but are a little worse in games with less possessions.
317,Northern Arizona,Northern Arizona,-5.5355470277372,-8.2817625914723,-13.8173096192095,-23.9861908635088,-15.10409443706,267,327,67.0690447317133,308,283,6,16,#CDE0F0,#9DC2E2,#B7D2EA,#92C3D1,#CBD5BF,Northern Arizona plays a little worse against good teams than bad teams. They tend to play slightly better than expected against weaker opposition but are slightly worse against tougher opponents.,Northern Arizona performs at a similar level regardless of the pace of the game.
318,North Carolina Central,North Carolina Central,-7.4553707661021,-6.85743512427506,-14.3128058903772,48.3246849320987,44.9463698894077,300,305,67.8077314015447,276,259,4,9,#BCD5EB,#AECCE7,#B5D1E9,#DF5168,#F5BF97,North Carolina Central plays much better against good teams than bad teams. They compete at a higher level against tough opposition but struggle against weaker opponents.,North Carolina Central plays a little better in faster paced games. They have slightly stronger performances in games with more possessions but are a little worse in games with less possessions.
319,Presbyterian,Presbyterian,-9.94126095895522,-4.54747054633129,-14.4887315052865,10.3744636477435,9.1105366388344,329,274,67.3536113040867,298,152,6,15,#A5C7E5,#C9DDEF,#B4D0E9,#FFD9C4,#F0DFB4,Presbyterian performs at a similar level against both good and bad teams.,Presbyterian performs at a similar level regardless of the pace of the game.
320,Central Arkansas,Central Arkansas,-5.54631737352473,-9.05893634842718,-14.6052537219519,47.9968114725446,28.0052870872707,268,334,72.9852331555833,35,17,4,19,#CDE0F0,#94BCE0,#B3D0E9,#DF5269,#F3CEA5,Central Arkansas plays much better against good teams than bad teams. They compete at a higher level against tough opposition but struggle against weaker opponents.,Central Arkansas performs at a similar level regardless of the pace of the game.
321,Southeastern Louisiana,Southeastern Louisiana,-7.88814901908132,-7.07189377949611,-14.9600427985774,-21.1053398036094,23.4222308125209,303,309,70.2002061070301,153,53,8,18,#B8D3EA,#ABCBE6,#B1CFE8,#9FCAD3,#F2D2A9,Southeastern Louisiana plays a little worse against good teams than bad teams. They tend to play slightly better than expected against weaker opposition but are slightly worse against tougher opponents.,Southeastern Louisiana performs at a similar level regardless of the pace of the game.
322,Air Force,Air Force,-6.06547839475011,-9.24072117820383,-15.3061995729539,-30.5954772642484,-16.88511391941,283,338,64.4047859426667,342,210,5,20,#C8DDEF,#91BBDF,#B0CEE8,#81B0CA,#C7D2BF,Air Force plays a little worse against good teams than bad teams. They tend to play slightly better than expected against weaker opposition but are slightly worse against tougher opponents.,Air Force performs at a similar level regardless of the pace of the game.
323,Maine,Maine,-14.1041946932066,-1.20939195849695,-15.3135866517035,-8.62838035001011,-11.2287433763627,342,202,67.6513313445247,283,89,2,7,#80B0DA,#F0F6FA,#B0CEE8,#D7E9DA,#D4D9BE,Maine performs at a similar level against both good and bad teams.,Maine performs at a similar level regardless of the pace of the game.
324,Texas A&M-Corpus Christi,Texas A&M-Corpus Christi,-11.0216591506821,-4.40150305376197,-15.4231622044441,24.5257858383739,18.7497173510278,333,273,71.2469179292135,103,133,2,19,#9BC1E2,#CBDEEF,#AFCDE8,#FFA69F,#F1D6AC,Texas A&M-Corpus Christi plays a little better against good teams than bad teams. They are slightly better than expected against tough opposition but are slightly worse against weaker opponents.,Texas A&M-Corpus Christi performs at a similar level regardless of the pace of the game.
325,Howard,Howard,-6.18631199674353,-9.24780302553807,-15.4341150222816,5.85352838917904,22.4135277427931,286,339,72.3384719447241,58,172,1,3,#C7DCEE,#91BBDF,#AFCDE8,#FFE9D0,#F2D3A9,Howard performs at a similar level against both good and bad teams.,Howard performs at a similar level regardless of the pace of the game.
326,Utah Tech,Utah Tech,-11.5901382891933,-3.91514669709976,-15.5052849862931,7.29051924008886,-5.16654373913057,336,262,74.530046734,10,236,6,13,#96BEE0,#D0E2F1,#AFCDE7,#FFE4CC,#E3E0BD,Utah Tech performs at a similar level against both good and bad teams.,Utah Tech performs at a similar level regardless of the pace of the game.
327,Alcorn State,Alcorn State,-8.12450410126347,-7.40866186475156,-15.533165966015,-38.9648706335507,-23.9888768889467,308,310,70.6337097781701,127,95,6,13,#B5D1E9,#A7C8E5,#AECDE7,#6B99C1,#B7CAC0,Alcorn State plays a little worse against good teams than bad teams. They tend to play slightly better than expected against weaker opposition but are slightly worse against tougher opponents.,Alcorn State plays a little better in slower paced games. They have slightly stronger performances in games with less possessions but are a little worse in games with more possessions.
328,San Jose State,San Jose State,-7.32061706235213,-8.24870846590505,-15.5693255282572,-29.0470983810233,-47.7610438928095,298,324,73.6728656751333,23,112,3,16,#BDD6EB,#9DC2E2,#AECDE7,#85B5CC,#80AEC5,San Jose State plays a little worse against good teams than bad teams. They tend to play slightly better than expected against weaker opposition but are slightly worse against tougher opponents.,San Jose State plays better in slower paced games. They have stronger performances in games with less possessions but are worse in games with more possessions.
329,Fordham,Fordham,-16.1647829339871,0.520810406026538,-15.6439725279606,42.760902678698,-34.9787248190117,346,154,65.7979572219133,335,233,2,12,#6DA5D5,#FFFBF6,#AECDE7,#E66575,#9DBDC3,Fordham plays a little better against good teams than bad teams. They are slightly better than expected against tough opposition but are slightly worse against weaker opponents.,Fordham plays a little better in slower paced games. They have slightly stronger performances in games with less possessions but are a little worse in games with more possessions.
330,Cal Poly,Cal Poly,-11.8204551146532,-4.26578356462203,-16.0862386792752,8.07920058227332,9.84657760719411,339,270,68.5795302845301,247,264,3,20,#94BDE0,#CCDFF0,#ACCBE7,#FFE1CA,#F0DEB4,Cal Poly performs at a similar level against both good and bad teams.,Cal Poly performs at a similar level regardless of the pace of the game.
331,Kennesaw State,Kennesaw State,-12.1664671882756,-4.25969547508223,-16.4261626633579,28.5085210471689,84.4592672928526,340,269,70.3009052677937,147,117,2,19,#91BBDF,#CCDFF0,#AACAE6,#FA9895,#FC9C78,Kennesaw State plays a little better against good teams than bad teams. They are slightly better than expected against tough opposition but are slightly worse against weaker opponents.,Kennesaw State plays better in faster paced games. They have stronger performances in games with more possessions but are worse in games with less possessions.
332,Charleston Southern,Charleston Southern,-11.3019354986488,-5.28596921359372,-16.5879047122425,29.1679086162913,-8.98333651333711,334,287,71.45920763146,95,260,2,18,#99C0E1,#C0D8EC,#A9CAE6,#F99594,#DADCBD,Charleston Southern plays a little better against good teams than bad teams. They are slightly better than expected against tough opposition but are slightly worse against weaker opponents.,Charleston Southern performs at a similar level regardless of the pace of the game.
333,Denver,Denver,-7.54300020266525,-9.10136518656716,-16.6443653892324,17.2718106842978,4.32706076122521,301,336,71.9235933953953,76,75,1,19,#BBD5EB,#93BCDF,#A9C9E6,#FFC0B2,#EFE3B8,Denver plays a little better against good teams than bad teams. They are slightly better than expected against tough opposition but are slightly worse against weaker opponents.,Denver performs at a similar level regardless of the pace of the game.
334,Arkansas-Pine Bluff,Arkansas-Pine Bluff,-9.9114124975343,-7.0140056148437,-16.925418112378,-99.009900990099,2.92371794535419,328,308,70.1449555228927,157,26,4,21,#A5C7E5,#ACCBE7,#A7C9E5,#00429D,#EFE4B9,Arkansas-Pine Bluff plays much worse against good teams than bad teams. They tend to have their best performances against weaker opponents but really struggle against stronger teams on their schedule.,Arkansas-Pine Bluff performs at a similar level regardless of the pace of the game.
335,Alabama A&M,Alabama A&M,-14.6491409205431,-2.31272470326114,-16.9618656238042,-2.53063120498794,37.9288334243611,344,230,69.1487711402033,212,8,6,9,#7BADD8,#E3EEF7,#A7C8E5,#F3F8DE,#F4C59D,Alabama A&M performs at a similar level against both good and bad teams.,Alabama A&M plays a little better in faster paced games. They have slightly stronger performances in games with more possessions but are a little worse in games with less possessions.
336,Central Connecticut,Central Connecticut,-9.37309846948294,-7.6974027765525,-17.0705012460354,23.5509972692348,4.45781178295023,325,316,72.0815353426693,72,319,5,16,#AACAE6,#A4C6E4,#A7C8E5,#FFAAA1,#EFE3B8,Central Connecticut plays a little better against good teams than bad teams. They are slightly better than expected against tough opposition but are slightly worse against weaker opponents.,Central Connecticut performs at a similar level regardless of the pace of the game.
337,Houston Christian,Houston Christian,-8.3614059499309,-8.74609540065889,-17.1075013505898,30.6652729891438,-39.4452065906347,313,331,73.85807437074,19,220,5,19,#B3D0E9,#97BFE1,#A6C8E5,#F79090,#93B8C3,Houston Christian plays a little better against good teams than bad teams. They are slightly better than expected against tough opposition but are slightly worse against weaker opponents.,Houston Christian plays better in slower paced games. They have stronger performances in games with less possessions but are worse in games with more possessions.
338,Incarnate Word,Incarnate Word,-8.70220001719083,-8.73825287300107,-17.4404528901919,22.1189536410287,-17.2622103042024,317,330,67.2272766148833,305,324,5,14,#B0CEE8,#97BFE1,#A5C7E5,#FFAFA5,#C6D2BF,Incarnate Word plays a little better against good teams than bad teams. They are slightly better than expected against tough opposition but are slightly worse against weaker opponents.,Incarnate Word performs at a similar level regardless of the pace of the game.
339,Northern Illinois,Northern Illinois,-9.25319047479681,-8.77132079651315,-18.02451127131,27.3395467382299,-10.9469832261425,324,332,67.7642137468673,279,158,3,16,#ABCBE6,#97BEE1,#A2C5E4,#FB9C98,#D5DABE,Northern Illinois plays a little better against good teams than bad teams. They are slightly better than expected against tough opposition but are slightly worse against weaker opponents.,Northern Illinois performs at a similar level regardless of the pace of the game.
340,Portland,Portland,-6.25332068269883,-11.8197897949696,-18.0731104776684,10.6983887726978,68.0602787157872,287,344,72.2548990518993,63,290,3,15,#C6DCEE,#73A8D6,#A1C5E4,#FFD8C3,#F9AB85,Portland performs at a similar level against both good and bad teams.,Portland plays better in faster paced games. They have stronger performances in games with more possessions but are worse in games with less possessions.
341,Tennessee-Martin,Tennessee-Martin,-8.72038014845416,-11.0630961154051,-19.7834762638593,-13.1536293330915,-37.2060516505476,318,343,69.0559531324314,220,66,7,16,#B0CEE8,#7CAED9,#99BFE1,#C3DED8,#98BAC3,Tennessee-Martin performs at a similar level against both good and bad teams.,Tennessee-Martin plays better in slower paced games. They have stronger performances in games with less possessions but are worse in games with more possessions.
342,Idaho,Idaho,-10.9419556097762,-9.74032282865238,-20.6822784384286,38.08475569589,-3.4034359081931,332,342,68.7591685100108,236,195,1,21,#9CC2E2,#8CB7DD,#94BDE0,#ED7680,#E7E2BC,Idaho plays a little better against good teams than bad teams. They are slightly better than expected against tough opposition but are slightly worse against weaker opponents.,Idaho performs at a similar level regardless of the pace of the game.
343,Alabama State,Alabama State,-14.5842201932303,-6.26381752507996,-20.8480377183102,37.2411665463646,-2.51593450404522,343,300,72.2369012284807,65,90,4,13,#7BADD9,#B5D1E9,#93BCDF,#EE7981,#E9E4BC,Alabama State plays a little better against good teams than bad teams. They are slightly better than expected against tough opposition but are slightly worse against weaker opponents.,Alabama State performs at a similar level regardless of the pace of the game.
344,South Carolina State,South Carolina State,-13.7025086715053,-9.52073422503135,-23.2232428965366,-40.9014474875766,-2.64718570633837,341,341,73.4124903491133,29,50,1,17,#83B2DB,#8EB9DE,#87B4DC,#6693BF,#E8E3BC,South Carolina State plays a little worse against good teams than bad teams. They tend to play slightly better than expected against weaker opposition but are slightly worse against tougher opponents.,South Carolina State performs at a similar level regardless of the pace of the game.
345,Delaware State,Delaware State,-11.6847003877981,-12.8740039256832,-24.5587043134813,14.8989034557817,-13.2533476201713,337,345,74.835774304,8,84,1,16,#95BEE0,#67A1D3,#80B0DA,#FFC9B8,#D0D7BE,Delaware State performs at a similar level against both good and bad teams.,Delaware State performs at a similar level regardless of the pace of the game.
346,Chicago State,Chicago State,-15.9305744223081,-14.5113456303305,-30.4419200526386,7.63803320944399,-6.10890108505332,345,347,71.445507448449,96,79,0,9,#6FA6D5,#5395CD,#629DD1,#FFE3CB,#E0DFBD,Chicago State performs at a similar level against both good and bad teams.,Chicago State performs at a similar level regardless of the pace of the game.
347,Mississippi Valley State,Mississippi Valley State,-19.0599620742327,-14.1769660525536,-33.2369281267863,7.33464973458845,-4.35938616619174,347,346,73.5360797428667,27,76,2,22,#5395CD,#5797CE,#5395CD,#FFE4CC,#E4E1BC,Mississippi Valley State performs at a similar level against both good and bad teams.,Mississippi Valley State performs at a similar level regardless of the pace of the game.
